729 4368 76 100
1 0 1
2 0 1
2 1 1
3 0 1
4 1 1
4 3 1
5 2 1
5 3 1
5 4 1
6 0 1
6 3 1
7 1 1
7 4 1
7 6 1
8 2 1
8 5 1
8 6 1
8 7 1
9 0 1
10 1 1
10 9 1
11 2 1
11 9 1
11 10 1
12 3 1
12 9 1
13 4 1
13 10 1
13 12 1
14 5 1
14 11 1
14 12 1
14 13 1
15 6 1
15 9 1
15 12 1
16 7 1
16 10 1
16 13 1
16 15 1
17 8 1
17 11 1
17 14 1
17 15 1
17 16 1
18 0 1
18 9 1
19 1 1
19 10 1
19 18 1
20 2 1
20 11 1
20 18 1
20 19 1
21 3 1
21 12 1
21 18 1
22 4 1
22 13 1
22 19 1
22 21 1
23 5 1
23 14 1
23 20 1
23 21 1
23 22 1
24 6 1
24 15 1
24 18 1
24 21 1
25 7 1
25 16 1
25 19 1
25 22 1
25 24 1
26 8 1
26 17 1
26 20 1
26 23 1
26 24 1
26 25 1
27 0 1
28 1 1
28 27 1
29 2 1
29 27 1
29 28 1
30 3 1
30 27 1
31 4 1
31 28 1
31 30 1
32 5 1
32 29 1
32 30 1
32 31 1
33 6 1
33 27 1
33 30 1
34 7 1
34 28 1
34 31 1
34 33 1
35 8 1
35 29 1
35 32 1
35 33 1
35 34 1
36 9 1
36 27 1
37 10 1
37 28 1
37 36 1
38 11 1
38 29 1
38 36 1
38 37 1
39 12 1
39 30 1
39 36 1
40 13 1
40 31 1
40 37 1
40 39 1
41 14 1
41 32 1
41 38 1
41 39 1
41 40 1
42 15 1
42 33 1
42 36 1
42 39 1
43 16 1
43 34 1
43 37 1
43 40 1
43 42 1
44 17 1
44 35 1
44 38 1
44 41 1
44 42 1
44 43 1
45 18 1
45 27 1
45 36 1
46 19 1
46 28 1
46 37 1
46 45 1
47 20 1
47 29 1
47 38 1
47 45 1
47 46 1
48 21 1
48 30 1
48 39 1
48 45 1
49 22 1
49 31 1
49 40 1
49 46 1
49 48 1
50 23 1
50 32 1
50 41 1
50 47 1
50 48 1
50 49 1
51 24 1
51 33 1
51 42 1
51 45 1
51 48 1
52 25 1
52 34 1
52 43 1
52 46 1
52 49 1
52 51 1
53 26 1
53 35 1
53 44 1
53 47 1
53 50 1
53 51 1
53 52 1
54 0 1
54 27 1
55 1 1
55 28 1
55 54 1
56 2 1
56 29 1
56 54 1
56 55 1
57 3 1
57 30 1
57 54 1
58 4 1
58 31 1
58 55 1
58 57 1
59 5 1
59 32 1
59 56 1
59 57 1
59 58 1
60 6 1
60 33 1
60 54 1
60 57 1
61 7 1
61 34 1
61 55 1
61 58 1
61 60 1
62 8 1
62 35 1
62 56 1
62 59 1
62 60 1
62 61 1
63 9 1
63 36 1
63 54 1
64 10 1
64 37 1
64 55 1
64 63 1
65 11 1
65 38 1
65 56 1
65 63 1
65 64 1
66 12 1
66 39 1
66 57 1
66 63 1
67 13 1
67 40 1
67 58 1
67 64 1
67 66 1
68 14 1
68 41 1
68 59 1
68 65 1
68 66 1
68 67 1
69 15 1
69 42 1
69 60 1
69 63 1
69 66 1
70 16 1
70 43 1
70 61 1
70 64 1
70 67 1
70 69 1
71 17 1
71 44 1
71 62 1
71 65 1
71 68 1
71 69 1
71 70 1
72 18 1
72 45 1
72 54 1
72 63 1
73 19 1
73 46 1
73 55 1
73 64 1
73 72 1
74 20 1
74 47 1
74 56 1
74 65 1
74 72 1
74 73 1
75 21 1
75 48 1
75 57 1
75 66 1
75 72 1
76 22 1
76 49 1
76 58 1
76 67 1
76 73 1
76 75 1
77 23 1
77 50 1
77 59 1
77 68 1
77 74 1
77 75 1
77 76 1
78 24 1
78 51 1
78 60 1
78 69 1
78 72 1
78 75 1
79 25 1
79 52 1
79 61 1
79 70 1
79 73 1
79 76 1
79 78 1
80 26 1
80 53 1
80 62 1
80 71 1
80 74 1
80 77 1
80 78 1
80 79 1
81 0 1
82 1 1
82 81 1
83 2 1
83 81 1
83 82 1
84 3 1
84 81 1
85 4 1
85 82 1
85 84 1
86 5 1
86 83 1
86 84 1
86 85 1
87 6 1
87 81 1
87 84 1
88 7 1
88 82 1
88 85 1
88 87 1
89 8 1
89 83 1
89 86 1
89 87 1
89 88 1
90 9 1
90 81 1
91 10 1
91 82 1
91 90 1
92 11 1
92 83 1
92 90 1
92 91 1
93 12 1
93 84 1
93 90 1
94 13 1
94 85 1
94 91 1
94 93 1
95 14 1
95 86 1
95 92 1
95 93 1
95 94 1
96 15 1
96 87 1
96 90 1
96 93 1
97 16 1
97 88 1
97 91 1
97 94 1
97 96 1
98 17 1
98 89 1
98 92 1
98 95 1
98 96 1
98 97 1
99 18 1
99 81 1
99 90 1
100 19 1
100 82 1
100 91 1
100 99 1
101 20 1
101 83 1
101 92 1
101 99 1
101 100 1
102 21 1
102 84 1
102 93 1
102 99 1
103 22 1
103 85 1
103 94 1
103 100 1
103 102 1
104 23 1
104 86 1
104 95 1
104 101 1
104 102 1
104 103 1
105 24 1
105 87 1
105 96 1
105 99 1
105 102 1
106 25 1
106 88 1
106 97 1
106 100 1
106 103 1
106 105 1
107 26 1
107 89 1
107 98 1
107 101 1
107 104 1
107 105 1
107 106 1
108 27 1
108 81 1
109 28 1
109 82 1
109 108 1
110 29 1
110 83 1
110 108 1
110 109 1
111 30 1
111 84 1
111 108 1
112 31 1
112 85 1
112 109 1
112 111 1
113 32 1
113 86 1
113 110 1
113 112 1
114 33 1
114 87 1
114 108 1
114 111 1
115 34 1
115 88 1
115 109 1
115 112 1
115 114 1
116 35 1
116 89 1
116 110 1
116 113 1
116 114 1
116 115 1
117 36 1
117 90 1
117 108 1
118 37 1
118 91 1
118 109 1
118 117 1
119 38 1
119 92 1
119 110 1
119 117 1
119 118 1
120 39 1
120 93 1
120 111 1
120 117 1
121 40 1
121 94 1
121 112 1
121 118 1
121 120 1
122 41 1
122 95 1
122 113 1
122 119 1
122 120 1
122 121 1
123 42 1
123 96 1
123 114 1
123 117 1
123 120 1
124 43 1
124 97 1
124 115 1
124 118 1
124 121 1
124 123 1
125 44 1
125 98 1
125 116 1
125 119 1
125 122 1
125 123 1
125 124 1
126 45 1
126 99 1
126 108 1
126 117 1
127 46 1
127 100 1
127 109 1
127 118 1
127 126 1
128 47 1
128 101 1
128 110 1
128 119 1
128 126 1
128 127 1
129 48 1
129 102 1
129 111 1
129 120 1
129 126 1
130 49 1
130 103 1
130 112 1
130 121 1
130 127 1
130 129 1
131 50 1
131 104 1
131 113 1
131 122 1
131 128 1
131 129 1
131 130 1
132 51 1
132 105 1
132 114 1
132 123 1
132 126 1
132 129 1
133 52 1
133 106 1
133 115 1
133 124 1
133 127 1
133 130 1
133 132 1
134 53 1
134 107 1
134 116 1
134 125 1
134 128 1
134 131 1
134 132 1
134 133 1
135 54 1
135 81 1
135 108 1
136 55 1
136 82 1
136 109 1
136 135 1
137 56 1
137 83 1
137 110 1
137 135 1
137 136 1
138 57 1
138 84 1
138 111 1
138 135 1
139 58 1
139 85 1
139 112 1
139 136 1
139 138 1
140 59 1
140 86 1
140 113 1
140 137 1
140 138 1
140 139 1
141 60 1
141 87 1
141 114 1
141 135 1
141 138 1
142 61 1
142 88 1
142 115 1
142 136 1
142 139 1
142 141 1
143 62 1
143 89 1
143 116 1
143 137 1
143 140 1
143 141 1
143 142 1
144 63 1
144 90 1
144 117 1
144 135 1
145 64 1
145 91 1
145 118 1
145 136 1
145 144 1
146 65 1
146 92 1
146 119 1
146 137 1
146 144 1
146 145 1
147 66 1
147 93 1
147 120 1
147 138 1
147 144 1
148 67 1
148 94 1
148 121 1
148 139 1
148 145 1
148 147 1
149 68 1
149 95 1
149 122 1
149 140 1
149 146 1
149 147 1
149 148 1
150 69 1
150 96 1
150 123 1
150 141 1
150 144 1
150 147 1
151 70 1
151 97 1
151 124 1
151 142 1
151 145 1
151 148 1
151 150 1
152 71 1
152 98 1
152 125 1
152 143 1
152 146 1
152 149 1
152 150 1
152 151 1
153 72 1
153 99 1
153 126 1
153 135 1
153 144 1
154 73 1
154 100 1
154 127 1
154 136 1
154 145 1
154 153 1
155 74 1
155 101 1
155 128 1
155 137 1
155 146 1
155 153 1
155 154 1
156 75 1
156 102 1
156 129 1
156 138 1
156 147 1
156 153 1
157 76 1
157 103 1
157 130 1
157 139 1
157 148 1
157 154 1
157 156 1
158 77 1
158 104 1
158 131 1
158 140 1
158 149 1
158 155 1
158 156 1
158 157 1
159 78 1
159 105 1
159 132 1
159 141 1
159 150 1
159 153 1
159 156 1
160 79 1
160 106 1
160 133 1
160 142 1
160 151 1
160 154 1
160 157 1
160 159 1
161 80 1
161 107 1
161 134 1
161 143 1
161 152 1
161 155 1
161 158 1
161 159 1
161 160 1
162 0 1
162 81 1
163 1 1
163 82 1
163 162 1
164 2 1
164 83 1
164 162 1
164 163 1
165 3 1
165 84 1
165 162 1
166 4 1
166 85 1
166 163 1
166 165 1
167 5 1
167 86 1
167 164 1
167 165 1
167 166 1
168 6 1
168 87 1
168 162 1
168 165 1
169 7 1
169 88 1
169 163 1
169 166 1
169 168 1
170 8 1
170 89 1
170 164 1
170 167 1
170 168 1
170 169 1
171 9 1
171 90 1
171 162 1
172 10 1
172 91 1
172 163 1
172 171 1
173 11 1
173 92 1
173 164 1
173 171 1
173 172 1
174 12 1
174 93 1
174 165 1
174 171 1
175 13 1
175 94 1
175 166 1
175 172 1
175 174 1
176 14 1
176 95 1
176 167 1
176 173 1
176 174 1
176 175 1
177 15 1
177 96 1
177 168 1
177 171 1
177 174 1
178 16 1
178 97 1
178 169 1
178 172 1
178 175 1
178 177 1
179 17 1
179 98 1
179 170 1
179 173 1
179 176 1
179 177 1
179 178 1
180 18 1
180 99 1
180 162 1
180 171 1
181 19 1
181 100 1
181 163 1
181 172 1
181 180 1
182 20 1
182 101 1
182 164 1
182 173 1
182 180 1
182 181 1
183 21 1
183 102 1
183 165 1
183 174 1
183 180 1
184 22 1
184 103 1
184 166 1
184 175 1
184 181 1
184 183 1
185 23 1
185 104 1
185 167 1
185 176 1
185 182 1
185 183 1
185 184 1
186 24 1
186 105 1
186 168 1
186 177 1
186 180 1
186 183 1
187 25 1
187 106 1
187 169 1
187 178 1
187 181 1
187 184 1
187 186 1
188 26 1
188 107 1
188 170 1
188 179 1
188 182 1
188 185 1
188 186 1
188 187 1
189 27 1
189 108 1
189 162 1
190 28 1
190 109 1
190 163 1
190 189 1
191 29 1
191 110 1
191 164 1
191 189 1
191 190 1
192 30 1
192 111 1
192 165 1
192 189 1
193 31 1
193 112 1
193 166 1
193 190 1
193 192 1
194 32 1
194 113 1
194 167 1
194 191 1
194 192 1
194 193 1
195 33 1
195 114 1
195 168 1
195 189 1
195 192 1
196 34 1
196 115 1
196 169 1
196 190 1
196 193 1
196 195 1
197 35 1
197 116 1
197 170 1
197 191 1
197 194 1
197 195 1
197 196 1
198 36 1
198 117 1
198 171 1
198 189 1
199 37 1
199 118 1
199 172 1
199 190 1
199 198 1
200 38 1
200 119 1
200 173 1
200 191 1
200 198 1
200 199 1
201 39 1
201 120 1
201 174 1
201 192 1
201 198 1
202 40 1
202 121 1
202 175 1
202 193 1
202 199 1
202 201 1
203 41 1
203 122 1
203 176 1
203 194 1
203 200 1
203 201 1
203 202 1
204 42 1
204 123 1
204 177 1
204 195 1
204 198 1
204 201 1
205 43 1
205 124 1
205 178 1
205 196 1
205 199 1
205 202 1
205 204 1
206 44 1
206 125 1
206 179 1
206 197 1
206 200 1
206 203 1
206 204 1
206 205 1
207 45 1
207 126 1
207 180 1
207 189 1
207 198 1
208 46 1
208 127 1
208 181 1
208 190 1
208 199 1
208 207 1
209 47 1
209 128 1
209 182 1
209 191 1
209 200 1
209 207 1
209 208 1
210 48 1
210 129 1
210 183 1
210 192 1
210 201 1
210 207 1
211 49 1
211 130 1
211 184 1
211 193 1
211 202 1
211 208 1
211 210 1
212 50 1
212 131 1
212 185 1
212 194 1
212 203 1
212 209 1
212 210 1
212 211 1
213 51 1
213 132 1
213 186 1
213 195 1
213 204 1
213 207 1
213 210 1
214 52 1
214 133 1
214 187 1
214 196 1
214 205 1
214 211 1
214 213 1
215 53 1
215 134 1
215 188 1
215 197 1
215 206 1
215 209 1
215 212 1
215 213 1
215 214 1
216 54 1
216 135 1
216 162 1
216 189 1
217 55 1
217 136 1
217 163 1
217 190 1
217 216 1
218 56 1
218 137 1
218 164 1
218 191 1
218 216 1
218 217 1
219 57 1
219 138 1
219 165 1
219 192 1
219 216 1
220 58 1
220 139 1
220 166 1
220 193 1
220 217 1
220 219 1
221 59 1
221 140 1
221 167 1
221 194 1
221 218 1
221 219 1
221 220 1
222 60 1
222 141 1
222 168 1
222 195 1
222 216 1
222 219 1
223 61 1
223 142 1
223 169 1
223 196 1
223 217 1
223 220 1
223 222 1
224 62 1
224 143 1
224 170 1
224 197 1
224 218 1
224 221 1
224 222 1
224 223 1
225 63 1
225 144 1
225 171 1
225 198 1
225 216 1
226 64 1
226 145 1
226 172 1
226 199 1
226 217 1
226 225 1
227 65 1
227 146 1
227 173 1
227 200 1
227 218 1
227 225 1
227 226 1
228 66 1
228 147 1
228 174 1
228 201 1
228 219 1
228 225 1
229 67 1
229 148 1
229 175 1
229 202 1
229 220 1
229 226 1
229 228 1
230 68 1
230 149 1
230 176 1
230 203 1
230 221 1
230 227 1
230 228 1
230 229 1
231 69 1
231 150 1
231 177 1
231 204 1
231 222 1
231 225 1
231 228 1
232 70 1
232 151 1
232 178 1
232 205 1
232 223 1
232 226 1
232 229 1
232 231 1
233 71 1
233 152 1
233 179 1
233 206 1
233 224 1
233 227 1
233 230 1
233 231 1
233 232 1
234 72 1
234 153 1
234 180 1
234 207 1
234 216 1
234 225 1
235 73 1
235 154 1
235 181 1
235 208 1
235 217 1
235 226 1
235 234 1
236 74 1
236 155 1
236 182 1
236 209 1
236 218 1
236 227 1
236 234 1
236 235 1
237 75 1
237 156 1
237 183 1
237 210 1
237 219 1
237 228 1
237 234 1
238 76 1
238 157 1
238 184 1
238 211 1
238 220 1
238 229 1
238 235 1
238 237 1
239 77 1
239 158 1
239 185 1
239 212 1
239 221 1
239 230 1
239 236 1
239 237 1
239 238 1
240 78 1
240 159 1
240 186 1
240 213 1
240 222 1
240 231 1
240 234 1
240 237 1
241 79 1
241 160 1
241 187 1
241 214 1
241 223 1
241 232 1
241 235 1
241 238 1
241 240 1
242 80 1
242 161 1
242 188 1
242 215 1
242 224 1
242 233 1
242 236 1
242 239 1
242 240 1
242 241 1
243 0 1
244 1 1
244 243 1
245 2 1
245 243 1
245 244 1
246 3 1
246 243 1
247 4 1
247 244 1
247 246 1
248 5 1
248 245 1
248 246 1
248 247 1
249 6 1
249 243 1
249 246 1
250 7 1
250 244 1
250 247 1
250 249 1
251 8 1
251 245 1
251 248 1
251 249 1
251 250 1
252 9 1
252 243 1
253 10 1
253 244 1
253 252 1
254 11 1
254 245 1
254 252 1
254 253 1
255 12 1
255 246 1
255 252 1
256 13 1
256 247 1
256 253 1
256 255 1
257 14 1
257 248 1
257 254 1
257 255 1
257 256 1
258 15 1
258 249 1
258 252 1
258 255 1
259 16 1
259 250 1
259 253 1
259 256 1
259 258 1
260 17 1
260 251 1
260 254 1
260 257 1
260 258 1
260 259 1
261 18 1
261 243 1
261 252 1
262 19 1
262 244 1
262 253 1
262 261 1
263 20 1
263 245 1
263 254 1
263 261 1
263 262 1
264 21 1
264 246 1
264 255 1
264 261 1
265 22 1
265 247 1
265 256 1
265 262 1
265 264 1
266 23 1
266 248 1
266 257 1
266 263 1
266 264 1
266 265 1
267 24 1
267 249 1
267 258 1
267 261 1
267 264 1
268 25 1
268 250 1
268 259 1
268 262 1
268 265 1
268 267 1
269 26 1
269 251 1
269 260 1
269 263 1
269 266 1
269 267 1
269 268 1
270 27 1
270 243 1
271 28 1
271 244 1
271 270 1
272 29 1
272 245 1
272 270 1
272 271 1
273 30 1
273 246 1
273 270 1
274 31 1
274 247 1
274 271 1
274 273 1
275 32 1
275 248 1
275 272 1
275 273 1
275 274 1
276 33 1
276 249 1
276 270 1
276 273 1
277 34 1
277 250 1
277 271 1
277 274 1
277 276 1
278 35 1
278 251 1
278 272 1
278 275 1
278 276 1
278 277 1
279 36 1
279 252 1
279 270 1
280 37 1
280 253 1
280 271 1
280 279 1
281 38 1
281 254 1
281 272 1
281 279 1
281 280 1
282 39 1
282 255 1
282 273 1
282 279 1
283 40 1
283 256 1
283 274 1
283 280 1
283 282 1
284 41 1
284 257 1
284 275 1
284 281 1
284 282 1
284 283 1
285 42 1
285 258 1
285 276 1
285 279 1
285 282 1
286 43 1
286 259 1
286 277 1
286 280 1
286 283 1
286 285 1
287 44 1
287 260 1
287 278 1
287 281 1
287 284 1
287 285 1
287 286 1
288 45 1
288 261 1
288 270 1
288 279 1
289 46 1
289 262 1
289 271 1
289 280 1
289 288 1
290 47 1
290 263 1
290 272 1
290 281 1
290 288 1
290 289 1
291 48 1
291 264 1
291 273 1
291 282 1
291 288 1
292 49 1
292 265 1
292 274 1
292 283 1
292 289 1
292 291 1
293 50 1
293 266 1
293 275 1
293 284 1
293 290 1
293 291 1
293 292 1
294 51 1
294 267 1
294 276 1
294 285 1
294 288 1
294 291 1
295 52 1
295 268 1
295 277 1
295 286 1
295 289 1
295 292 1
295 294 1
296 53 1
296 269 1
296 278 1
296 287 1
296 290 1
296 293 1
296 294 1
296 295 1
297 54 1
297 243 1
297 270 1
298 55 1
298 244 1
298 271 1
298 297 1
299 56 1
299 245 1
299 272 1
299 297 1
299 298 1
300 57 1
300 246 1
300 273 1
300 297 1
301 58 1
301 247 1
301 274 1
301 298 1
301 300 1
302 59 1
302 248 1
302 275 1
302 299 1
302 300 1
302 301 1
303 60 1
303 249 1
303 276 1
303 297 1
303 300 1
304 61 1
304 250 1
304 277 1
304 298 1
304 301 1
304 303 1
305 62 1
305 251 1
305 278 1
305 299 1
305 302 1
305 303 1
305 304 1
306 63 1
306 252 1
306 279 1
306 297 1
307 64 1
307 253 1
307 280 1
307 298 1
307 306 1
308 65 1
308 254 1
308 281 1
308 299 1
308 306 1
308 307 1
309 66 1
309 255 1
309 282 1
309 300 1
309 306 1
310 67 1
310 256 1
310 283 1
310 301 1
310 307 1
310 309 1
311 68 1
311 257 1
311 284 1
311 302 1
311 308 1
311 309 1
311 310 1
312 69 1
312 258 1
312 285 1
312 303 1
312 306 1
312 309 1
313 70 1
313 259 1
313 286 1
313 304 1
313 307 1
313 310 1
313 312 1
314 71 1
314 260 1
314 287 1
314 305 1
314 308 1
314 311 1
314 312 1
314 313 1
315 72 1
315 261 1
315 288 1
315 297 1
315 306 1
316 73 1
316 262 1
316 289 1
316 298 1
316 307 1
316 315 1
317 74 1
317 263 1
317 290 1
317 299 1
317 308 1
317 315 1
317 316 1
318 75 1
318 264 1
318 291 1
318 300 1
318 309 1
318 315 1
319 76 1
319 265 1
319 292 1
319 301 1
319 310 1
319 316 1
319 318 1
320 77 1
320 266 1
320 293 1
320 302 1
320 311 1
320 317 1
320 318 1
320 319 1
321 78 1
321 267 1
321 294 1
321 303 1
321 312 1
321 315 1
321 318 1
322 79 1
322 268 1
322 295 1
322 304 1
322 313 1
322 316 1
322 319 1
322 321 1
323 80 1
323 269 1
323 296 1
323 305 1
323 314 1
323 317 1
323 320 1
323 321 1
323 322 1
324 81 1
324 243 1
325 82 1
325 244 1
325 324 1
326 83 1
326 245 1
326 324 1
326 325 1
327 84 1
327 246 1
327 324 1
328 85 1
328 247 1
328 327 1
329 86 1
329 248 1
329 326 1
329 327 1
329 328 1
330 87 1
330 249 1
330 324 1
330 327 1
331 88 1
331 250 1
331 325 1
331 328 1
331 330 1
332 89 1
332 251 1
332 326 1
332 329 1
332 330 1
332 331 1
333 90 1
333 252 1
333 324 1
334 91 1
334 253 1
334 325 1
334 333 1
335 92 1
335 254 1
335 326 1
335 333 1
335 334 1
336 93 1
336 255 1
336 327 1
336 333 1
337 94 1
337 256 1
337 328 1
337 334 1
337 336 1
338 95 1
338 257 1
338 329 1
338 335 1
338 336 1
338 337 1
339 96 1
339 258 1
339 330 1
339 333 1
339 336 1
340 97 1
340 259 1
340 331 1
340 334 1
340 337 1
340 339 1
341 98 1
341 260 1
341 332 1
341 335 1
341 338 1
341 339 1
341 340 1
342 99 1
342 261 1
342 324 1
342 333 1
343 100 1
343 262 1
343 325 1
343 334 1
343 342 1
344 101 1
344 263 1
344 326 1
344 335 1
344 342 1
344 343 1
345 102 1
345 264 1
345 327 1
345 336 1
345 342 1
346 103 1
346 265 1
346 328 1
346 337 1
346 343 1
346 345 1
347 104 1
347 266 1
347 329 1
347 338 1
347 344 1
347 345 1
347 346 1
348 105 1
348 267 1
348 330 1
348 339 1
348 342 1
348 345 1
349 106 1
349 268 1
349 331 1
349 340 1
349 343 1
349 346 1
349 348 1
350 107 1
350 269 1
350 332 1
350 341 1
350 344 1
350 347 1
350 348 1
350 349 1
351 108 1
351 270 1
351 324 1
352 109 1
352 271 1
352 325 1
352 351 1
353 110 1
353 272 1
353 326 1
353 351 1
353 352 1
354 111 1
354 273 1
354 327 1
354 351 1
355 112 1
355 274 1
355 328 1
355 352 1
355 354 1
356 113 1
356 275 1
356 329 1
356 353 1
356 354 1
356 355 1
357 114 1
357 276 1
357 330 1
357 351 1
357 354 1
358 115 1
358 277 1
358 331 1
358 352 1
358 355 1
358 357 1
359 116 1
359 278 1
359 332 1
359 353 1
359 356 1
359 357 1
359 358 1
360 117 1
360 279 1
360 333 1
360 351 1
361 118 1
361 280 1
361 334 1
361 352 1
361 360 1
362 119 1
362 281 1
362 335 1
362 353 1
362 360 1
362 361 1
363 120 1
363 282 1
363 336 1
363 354 1
363 360 1
364 121 1
364 283 1
364 337 1
364 355 1
364 361 1
364 363 1
365 122 1
365 284 1
365 338 1
365 356 1
365 362 1
365 363 1
365 364 1
366 123 1
366 285 1
366 339 1
366 357 1
366 360 1
366 363 1
367 124 1
367 286 1
367 340 1
367 358 1
367 361 1
367 364 1
367 366 1
368 125 1
368 287 1
368 341 1
368 359 1
368 362 1
368 365 1
368 366 1
368 367 1
369 126 1
369 288 1
369 342 1
369 351 1
369 360 1
370 127 1
370 289 1
370 343 1
370 352 1
370 361 1
370 369 1
371 128 1
371 290 1
371 344 1
371 353 1
371 362 1
371 369 1
371 370 1
372 129 1
372 291 1
372 345 1
372 354 1
372 363 1
372 369 1
373 130 1
373 292 1
373 346 1
373 355 1
373 364 1
373 370 1
373 372 1
374 131 1
374 293 1
374 347 1
374 356 1
374 365 1
374 371 1
374 372 1
374 373 1
375 132 1
375 294 1
375 348 1
375 357 1
375 366 1
375 369 1
375 372 1
376 133 1
376 295 1
376 349 1
376 358 1
376 367 1
376 370 1
376 373 1
376 375 1
377 134 1
377 296 1
377 350 1
377 359 1
377 368 1
377 371 1
377 374 1
377 375 1
377 376 1
378 135 1
378 297 1
378 324 1
378 351 1
379 136 1
379 298 1
379 325 1
379 352 1
379 378 1
380 137 1
380 299 1
380 326 1
380 353 1
380 378 1
380 379 1
381 138 1
381 300 1
381 327 1
381 354 1
381 378 1
382 139 1
382 301 1
382 328 1
382 355 1
382 379 1
382 381 1
383 140 1
383 302 1
383 329 1
383 356 1
383 380 1
383 381 1
383 382 1
384 141 1
384 303 1
384 330 1
384 357 1
384 378 1
384 381 1
385 142 1
385 304 1
385 331 1
385 358 1
385 379 1
385 382 1
385 384 1
386 143 1
386 305 1
386 332 1
386 359 1
386 380 1
386 383 1
386 384 1
386 385 1
387 144 1
387 306 1
387 333 1
387 360 1
387 378 1
388 145 1
388 307 1
388 334 1
388 361 1
388 379 1
388 387 1
389 146 1
389 308 1
389 335 1
389 362 1
389 380 1
389 387 1
389 388 1
390 147 1
390 309 1
390 336 1
390 363 1
390 381 1
390 387 1
391 148 1
391 310 1
391 337 1
391 364 1
391 382 1
391 388 1
391 390 1
392 149 1
392 311 1
392 338 1
392 365 1
392 383 1
392 389 1
392 390 1
392 391 1
393 150 1
393 312 1
393 339 1
393 366 1
393 384 1
393 387 1
393 390 1
394 151 1
394 313 1
394 340 1
394 367 1
394 385 1
394 388 1
394 391 1
394 393 1
395 152 1
395 314 1
395 341 1
395 368 1
395 386 1
395 389 1
395 392 1
395 393 1
395 394 1
396 153 1
396 315 1
396 342 1
396 369 1
396 378 1
396 387 1
397 154 1
397 316 1
397 343 1
397 370 1
397 379 1
397 388 1
397 396 1
398 155 1
398 317 1
398 344 1
398 371 1
398 380 1
398 389 1
398 396 1
398 397 1
399 156 1
399 318 1
399 345 1
399 372 1
399 381 1
399 390 1
399 396 1
400 157 1
400 319 1
400 346 1
400 373 1
400 382 1
400 391 1
400 397 1
400 399 1
401 158 1
401 320 1
401 347 1
401 374 1
401 383 1
401 392 1
401 398 1
401 399 1
401 400 1
402 159 1
402 321 1
402 348 1
402 375 1
402 384 1
402 393 1
402 396 1
402 399 1
403 160 1
403 322 1
403 349 1
403 376 1
403 385 1
403 394 1
403 397 1
403 400 1
403 402 1
404 161 1
404 323 1
404 350 1
404 377 1
404 386 1
404 395 1
404 398 1
404 401 1
404 402 1
404 403 1
405 162 1
405 243 1
405 324 1
406 163 1
406 244 1
406 325 1
406 405 1
407 164 1
407 245 1
407 326 1
407 405 1
407 406 1
408 165 1
408 246 1
408 327 1
408 405 1
409 166 1
409 247 1
409 328 1
409 406 1
409 408 1
410 167 1
410 248 1
410 329 1
410 407 1
410 408 1
410 409 1
411 168 1
411 249 1
411 330 1
411 405 1
411 408 1
412 169 1
412 250 1
412 331 1
412 406 1
412 409 1
412 411 1
413 170 1
413 251 1
413 332 1
413 407 1
413 410 1
413 411 1
413 412 1
414 252 1
414 333 1
414 405 1
415 172 1
415 253 1
415 334 1
415 406 1
415 414 1
416 173 1
416 254 1
416 335 1
416 407 1
416 414 1
416 415 1
417 174 1
417 255 1
417 336 1
417 408 1
417 414 1
418 175 1
418 256 1
418 337 1
418 409 1
418 415 1
418 417 1
419 176 1
419 257 1
419 338 1
419 410 1
419 416 1
419 417 1
419 418 1
420 177 1
420 258 1
420 339 1
420 411 1
420 414 1
420 417 1
421 178 1
421 259 1
421 340 1
421 412 1
421 415 1
421 418 1
421 420 1
422 179 1
422 260 1
422 341 1
422 413 1
422 416 1
422 419 1
422 420 1
422 421 1
423 180 1
423 261 1
423 342 1
423 405 1
423 414 1
424 181 1
424 262 1
424 343 1
424 406 1
424 415 1
424 423 1
425 182 1
425 263 1
425 344 1
425 407 1
425 416 1
425 423 1
425 424 1
426 183 1
426 264 1
426 345 1
426 408 1
426 417 1
426 423 1
427 184 1
427 265 1
427 346 1
427 409 1
427 418 1
427 424 1
427 426 1
428 185 1
428 266 1
428 347 1
428 410 1
428 419 1
428 425 1
428 426 1
428 427 1
429 186 1
429 267 1
429 348 1
429 411 1
429 420 1
429 423 1
429 426 1
430 187 1
430 268 1
430 349 1
430 412 1
430 421 1
430 424 1
430 427 1
430 429 1
431 188 1
431 269 1
431 350 1
431 413 1
431 422 1
431 425 1
431 428 1
431 429 1
431 430 1
432 189 1
432 270 1
432 351 1
432 405 1
433 190 1
433 271 1
433 352 1
433 406 1
433 432 1
434 191 1
434 272 1
434 353 1
434 407 1
434 432 1
434 433 1
435 192 1
435 273 1
435 354 1
435 408 1
435 432 1
436 193 1
436 274 1
436 355 1
436 409 1
436 433 1
436 435 1
437 194 1
437 275 1
437 356 1
437 410 1
437 434 1
437 435 1
437 436 1
438 195 1
438 276 1
438 357 1
438 411 1
438 432 1
438 435 1
439 196 1
439 277 1
439 358 1
439 412 1
439 433 1
439 436 1
440 197 1
440 278 1
440 359 1
440 413 1
440 434 1
440 437 1
440 438 1
440 439 1
441 198 1
441 279 1
441 360 1
441 414 1
441 432 1
442 199 1
442 280 1
442 361 1
442 415 1
442 433 1
442 441 1
443 200 1
443 281 1
443 362 1
443 416 1
443 434 1
443 441 1
443 442 1
444 201 1
444 282 1
444 363 1
444 417 1
444 435 1
444 441 1
445 202 1
445 283 1
445 364 1
445 418 1
445 436 1
445 442 1
445 444 1
446 203 1
446 284 1
446 365 1
446 419 1
446 437 1
446 443 1
446 444 1
446 445 1
447 204 1
447 285 1
447 366 1
447 420 1
447 438 1
447 441 1
447 444 1
448 205 1
448 286 1
448 367 1
448 421 1
448 439 1
448 442 1
448 445 1
448 447 1
449 206 1
449 287 1
449 368 1
449 422 1
449 440 1
449 443 1
449 446 1
449 447 1
449 448 1
450 207 1
450 288 1
450 369 1
450 423 1
450 432 1
450 441 1
451 208 1
451 289 1
451 370 1
451 424 1
451 433 1
451 442 1
451 450 1
452 209 1
452 290 1
452 371 1
452 425 1
452 434 1
452 443 1
452 450 1
452 451 1
453 210 1
453 291 1
453 372 1
453 426 1
453 435 1
453 444 1
453 450 1
454 211 1
454 292 1
454 373 1
454 427 1
454 436 1
454 445 1
454 451 1
454 453 1
455 212 1
455 293 1
455 374 1
455 428 1
455 437 1
455 446 1
455 452 1
455 453 1
455 454 1
456 213 1
456 294 1
456 375 1
456 429 1
456 438 1
456 447 1
456 450 1
456 453 1
457 214 1
457 295 1
457 376 1
457 430 1
457 439 1
457 448 1
457 451 1
457 454 1
457 456 1
458 215 1
458 296 1
458 377 1
458 431 1
458 440 1
458 449 1
458 452 1
458 455 1
458 456 1
458 457 1
459 216 1
459 297 1
459 378 1
459 405 1
459 432 1
460 217 1
460 298 1
460 379 1
460 406 1
460 433 1
460 459 1
461 218 1
461 299 1
461 380 1
461 407 1
461 434 1
461 459 1
461 460 1
462 219 1
462 300 1
462 381 1
462 408 1
462 435 1
462 459 1
463 220 1
463 301 1
463 382 1
463 409 1
463 436 1
463 460 1
463 462 1
464 221 1
464 302 1
464 383 1
464 410 1
464 437 1
464 461 1
464 462 1
464 463 1
465 222 1
465 303 1
465 384 1
465 411 1
465 438 1
465 459 1
465 462 1
466 223 1
466 304 1
466 385 1
466 412 1
466 439 1
466 460 1
466 463 1
466 465 1
467 224 1
467 305 1
467 386 1
467 413 1
467 440 1
467 461 1
467 464 1
467 465 1
467 466 1
468 225 1
468 306 1
468 387 1
468 414 1
468 441 1
468 459 1
469 226 1
469 307 1
469 388 1
469 415 1
469 442 1
469 460 1
469 468 1
470 227 1
470 308 1
470 389 1
470 416 1
470 443 1
470 461 1
470 468 1
470 469 1
471 228 1
471 309 1
471 390 1
471 417 1
471 444 1
471 462 1
471 468 1
472 229 1
472 310 1
472 391 1
472 418 1
472 445 1
472 463 1
472 469 1
472 471 1
473 230 1
473 311 1
473 392 1
473 419 1
473 446 1
473 464 1
473 470 1
473 471 1
473 472 1
474 231 1
474 312 1
474 393 1
474 420 1
474 447 1
474 465 1
474 468 1
474 471 1
475 232 1
475 313 1
475 394 1
475 421 1
475 448 1
475 466 1
475 469 1
475 472 1
475 474 1
476 233 1
476 314 1
476 395 1
476 422 1
476 449 1
476 467 1
476 470 1
476 473 1
476 474 1
476 475 1
477 234 1
477 315 1
477 396 1
477 423 1
477 450 1
477 459 1
477 468 1
478 235 1
478 316 1
478 397 1
478 424 1
478 451 1
478 460 1
478 469 1
478 477 1
479 236 1
479 317 1
479 398 1
479 425 1
479 452 1
479 461 1
479 470 1
479 477 1
479 478 1
480 237 1
480 318 1
480 399 1
480 426 1
480 453 1
480 462 1
480 471 1
480 477 1
481 238 1
481 319 1
481 400 1
481 427 1
481 454 1
481 463 1
481 472 1
481 478 1
481 480 1
482 239 1
482 320 1
482 401 1
482 428 1
482 455 1
482 464 1
482 473 1
482 479 1
482 480 1
482 481 1
483 240 1
483 321 1
483 402 1
483 429 1
483 456 1
483 465 1
483 474 1
483 477 1
483 480 1
484 241 1
484 322 1
484 403 1
484 430 1
484 457 1
484 466 1
484 475 1
484 478 1
484 481 1
484 483 1
485 242 1
485 323 1
485 404 1
485 431 1
485 458 1
485 467 1
485 476 1
485 479 1
485 482 1
485 483 1
485 484 1
486 0 1
486 243 1
487 1 1
487 244 1
487 486 1
488 2 1
488 245 1
488 486 1
488 487 1
489 3 1
489 246 1
489 486 1
490 4 1
490 247 1
490 487 1
490 489 1
491 5 1
491 248 1
491 488 1
491 489 1
491 490 1
492 6 1
492 249 1
492 486 1
492 489 1
493 7 1
493 250 1
493 487 1
493 490 1
493 492 1
494 8 1
494 251 1
494 488 1
494 491 1
494 492 1
494 493 1
495 9 1
495 252 1
495 486 1
496 10 1
496 253 1
496 487 1
496 495 1
497 11 1
497 254 1
497 488 1
497 495 1
497 496 1
498 12 1
498 255 1
498 489 1
498 495 1
499 13 1
499 256 1
499 490 1
499 496 1
499 498 1
500 14 1
500 257 1
500 491 1
500 497 1
500 498 1
500 499 1
501 15 1
501 258 1
501 492 1
501 495 1
501 498 1
502 16 1
502 259 1
502 493 1
502 496 1
502 499 1
502 501 1
503 17 1
503 260 1
503 494 1
503 497 1
503 500 1
503 501 1
503 502 1
504 18 1
504 261 1
504 486 1
504 495 1
505 19 1
505 262 1
505 487 1
505 496 1
505 504 1
506 20 1
506 263 1
506 488 1
506 497 1
506 504 1
506 505 1
507 21 1
507 264 1
507 489 1
507 498 1
507 504 1
508 22 1
508 265 1
508 490 1
508 499 1
508 505 1
508 507 1
509 23 1
509 266 1
509 491 1
509 500 1
509 506 1
509 507 1
509 508 1
510 24 1
510 267 1
510 492 1
510 501 1
510 504 1
510 507 1
511 25 1
511 268 1
511 493 1
511 502 1
511 505 1
511 508 1
511 510 1
512 26 1
512 269 1
512 494 1
512 503 1
512 506 1
512 509 1
512 510 1
512 511 1
513 27 1
513 270 1
513 486 1
514 28 1
514 271 1
514 487 1
514 513 1
515 29 1
515 272 1
515 488 1
515 513 1
515 514 1
516 30 1
516 273 1
516 489 1
516 513 1
517 31 1
517 274 1
517 490 1
517 514 1
517 516 1
518 32 1
518 275 1
518 491 1
518 515 1
518 516 1
518 517 1
519 33 1
519 276 1
519 492 1
519 513 1
519 516 1
520 34 1
520 277 1
520 493 1
520 514 1
520 517 1
520 519 1
521 35 1
521 278 1
521 494 1
521 515 1
521 518 1
521 519 1
521 520 1
522 36 1
522 279 1
522 495 1
522 513 1
523 37 1
523 280 1
523 496 1
523 514 1
523 522 1
524 38 1
524 281 1
524 497 1
524 515 1
524 522 1
524 523 1
525 39 1
525 282 1
525 498 1
525 516 1
525 522 1
526 40 1
526 283 1
526 499 1
526 517 1
526 523 1
526 525 1
527 41 1
527 284 1
527 500 1
527 518 1
527 524 1
527 525 1
527 526 1
528 42 1
528 285 1
528 501 1
528 519 1
528 522 1
528 525 1
529 43 1
529 286 1
529 502 1
529 520 1
529 523 1
529 526 1
529 528 1
530 44 1
530 287 1
530 503 1
530 521 1
530 524 1
530 527 1
530 528 1
530 529 1
531 45 1
531 288 1
531 504 1
531 513 1
531 522 1
532 46 1
532 289 1
532 505 1
532 514 1
532 523 1
532 531 1
533 47 1
533 290 1
533 506 1
533 515 1
533 524 1
533 531 1
533 532 1
534 48 1
534 291 1
534 507 1
534 516 1
534 525 1
534 531 1
535 49 1
535 292 1
535 508 1
535 517 1
535 526 1
535 532 1
535 534 1
536 50 1
536 293 1
536 509 1
536 518 1
536 527 1
536 533 1
536 534 1
536 535 1
537 51 1
537 294 1
537 510 1
537 519 1
537 528 1
537 531 1
537 534 1
538 52 1
538 295 1
538 511 1
538 520 1
538 529 1
538 532 1
538 535 1
538 537 1
539 53 1
539 296 1
539 512 1
539 521 1
539 530 1
539 533 1
539 536 1
539 537 1
539 538 1
540 54 1
540 297 1
540 486 1
540 513 1
541 55 1
541 298 1
541 487 1
541 514 1
541 540 1
542 56 1
542 299 1
542 488 1
542 515 1
542 540 1
542 541 1
543 57 1
543 300 1
543 489 1
543 516 1
543 540 1
544 58 1
544 301 1
544 490 1
544 517 1
544 541 1
544 543 1
545 59 1
545 302 1
545 491 1
545 518 1
545 542 1
545 543 1
545 544 1
546 60 1
546 303 1
546 492 1
546 519 1
546 540 1
546 543 1
547 61 1
547 304 1
547 493 1
547 520 1
547 541 1
547 544 1
547 546 1
548 62 1
548 305 1
548 494 1
548 521 1
548 542 1
548 545 1
548 546 1
548 547 1
549 63 1
549 306 1
549 495 1
549 522 1
549 540 1
550 64 1
550 307 1
550 496 1
550 523 1
550 541 1
550 549 1
551 65 1
551 308 1
551 497 1
551 524 1
551 542 1
551 549 1
551 550 1
552 66 1
552 309 1
552 498 1
552 525 1
552 543 1
552 549 1
553 67 1
553 310 1
553 499 1
553 526 1
553 544 1
553 550 1
553 552 1
554 68 1
554 311 1
554 500 1
554 527 1
554 545 1
554 551 1
554 552 1
554 553 1
555 69 1
555 312 1
555 501 1
555 528 1
555 546 1
555 549 1
555 552 1
556 70 1
556 313 1
556 502 1
556 529 1
556 547 1
556 550 1
556 553 1
556 555 1
557 71 1
557 314 1
557 503 1
557 530 1
557 548 1
557 551 1
557 554 1
557 555 1
557 556 1
558 72 1
558 315 1
558 504 1
558 531 1
558 540 1
558 549 1
559 73 1
559 316 1
559 505 1
559 532 1
559 541 1
559 550 1
559 558 1
560 74 1
560 317 1
560 506 1
560 533 1
560 542 1
560 551 1
560 558 1
560 559 1
561 75 1
561 318 1
561 507 1
561 534 1
561 543 1
561 552 1
561 558 1
562 76 1
562 319 1
562 508 1
562 535 1
562 544 1
562 553 1
562 559 1
562 561 1
563 77 1
563 320 1
563 509 1
563 536 1
563 545 1
563 554 1
563 560 1
563 561 1
563 562 1
564 78 1
564 321 1
564 510 1
564 537 1
564 546 1
564 555 1
564 558 1
564 561 1
565 79 1
565 322 1
565 511 1
565 538 1
565 547 1
565 556 1
565 559 1
565 562 1
565 564 1
566 80 1
566 323 1
566 512 1
566 539 1
566 548 1
566 557 1
566 560 1
566 563 1
566 564 1
566 565 1
567 81 1
567 324 1
567 486 1
568 82 1
568 325 1
568 487 1
568 567 1
569 83 1
569 326 1
569 488 1
569 567 1
569 568 1
570 84 1
570 327 1
570 489 1
570 567 1
571 85 1
571 328 1
571 490 1
571 568 1
571 570 1
572 86 1
572 329 1
572 491 1
572 569 1
572 570 1
572 571 1
573 87 1
573 330 1
573 492 1
573 567 1
573 570 1
574 88 1
574 331 1
574 493 1
574 568 1
574 571 1
574 573 1
575 89 1
575 332 1
575 494 1
575 569 1
575 572 1
575 573 1
575 574 1
576 90 1
576 333 1
576 495 1
576 567 1
577 91 1
577 334 1
577 496 1
577 568 1
577 576 1
578 92 1
578 335 1
578 497 1
578 569 1
578 576 1
578 577 1
579 93 1
579 336 1
579 498 1
579 570 1
579 576 1
580 94 1
580 337 1
580 499 1
580 571 1
580 577 1
580 579 1
581 95 1
581 338 1
581 500 1
581 572 1
581 578 1
581 579 1
581 580 1
582 96 1
582 339 1
582 501 1
582 573 1
582 576 1
582 579 1
583 97 1
583 340 1
583 502 1
583 574 1
583 577 1
583 580 1
583 582 1
584 98 1
584 341 1
584 503 1
584 575 1
584 578 1
584 581 1
584 582 1
584 583 1
585 99 1
585 342 1
585 504 1
585 567 1
585 576 1
586 100 1
586 343 1
586 505 1
586 568 1
586 577 1
586 585 1
587 101 1
587 344 1
587 506 1
587 569 1
587 578 1
587 585 1
587 586 1
588 102 1
588 345 1
588 507 1
588 570 1
588 579 1
588 585 1
589 103 1
589 346 1
589 508 1
589 571 1
589 580 1
589 586 1
589 588 1
590 104 1
590 347 1
590 509 1
590 572 1
590 581 1
590 587 1
590 588 1
590 589 1
591 105 1
591 348 1
591 510 1
591 573 1
591 582 1
591 585 1
591 588 1
592 106 1
592 349 1
592 511 1
592 574 1
592 583 1
592 586 1
592 589 1
592 591 1
593 107 1
593 350 1
593 512 1
593 575 1
593 584 1
593 587 1
593 590 1
593 591 1
593 592 1
594 108 1
594 351 1
594 513 1
594 567 1
595 109 1
595 352 1
595 514 1
595 568 1
595 594 1
596 110 1
596 353 1
596 515 1
596 569 1
596 594 1
596 595 1
597 111 1
597 354 1
597 516 1
597 570 1
597 594 1
598 112 1
598 355 1
598 517 1
598 571 1
598 595 1
598 597 1
599 113 1
599 356 1
599 518 1
599 572 1
599 596 1
599 597 1
599 598 1
600 114 1
600 357 1
600 519 1
600 573 1
600 594 1
600 597 1
601 115 1
601 358 1
601 520 1
601 574 1
601 595 1
601 598 1
601 600 1
602 116 1
602 359 1
602 521 1
602 575 1
602 596 1
602 599 1
602 600 1
602 601 1
603 117 1
603 360 1
603 522 1
603 576 1
603 594 1
604 118 1
604 361 1
604 523 1
604 577 1
604 595 1
604 603 1
605 119 1
605 362 1
605 524 1
605 578 1
605 596 1
605 603 1
605 604 1
606 120 1
606 363 1
606 525 1
606 579 1
606 597 1
606 603 1
607 121 1
607 364 1
607 526 1
607 580 1
607 598 1
607 604 1
607 606 1
608 122 1
608 365 1
608 527 1
608 581 1
608 599 1
608 605 1
608 606 1
608 607 1
609 123 1
609 366 1
609 528 1
609 582 1
609 600 1
609 603 1
609 606 1
610 124 1
610 367 1
610 529 1
610 583 1
610 601 1
610 604 1
610 607 1
610 609 1
611 125 1
611 368 1
611 530 1
611 584 1
611 602 1
611 605 1
611 608 1
611 609 1
611 610 1
612 126 1
612 369 1
612 531 1
612 585 1
612 594 1
612 603 1
613 127 1
613 370 1
613 532 1
613 586 1
613 595 1
613 604 1
613 612 1
614 128 1
614 371 1
614 533 1
614 587 1
614 596 1
614 605 1
614 612 1
614 613 1
615 129 1
615 372 1
615 534 1
615 588 1
615 597 1
615 606 1
615 612 1
616 130 1
616 373 1
616 535 1
616 589 1
616 598 1
616 607 1
616 613 1
616 615 1
617 131 1
617 374 1
617 536 1
617 590 1
617 599 1
617 608 1
617 614 1
617 615 1
617 616 1
618 132 1
618 375 1
618 537 1
618 591 1
618 600 1
618 609 1
618 612 1
618 615 1
619 133 1
619 376 1
619 538 1
619 592 1
619 601 1
619 610 1
619 613 1
619 616 1
619 618 1
620 134 1
620 377 1
620 539 1
620 593 1
620 602 1
620 611 1
620 614 1
620 617 1
620 618 1
620 619 1
621 135 1
621 378 1
621 540 1
621 567 1
621 594 1
622 136 1
622 379 1
622 541 1
622 568 1
622 595 1
622 621 1
623 137 1
623 380 1
623 542 1
623 569 1
623 596 1
623 621 1
623 622 1
624 138 1
624 381 1
624 543 1
624 570 1
624 597 1
624 621 1
625 139 1
625 382 1
625 544 1
625 571 1
625 598 1
625 622 1
625 624 1
626 140 1
626 383 1
626 545 1
626 572 1
626 599 1
626 623 1
626 624 1
626 625 1
627 141 1
627 384 1
627 546 1
627 573 1
627 600 1
627 621 1
627 624 1
628 142 1
628 385 1
628 547 1
628 574 1
628 601 1
628 622 1
628 625 1
628 627 1
629 143 1
629 386 1
629 548 1
629 575 1
629 602 1
629 623 1
629 626 1
629 627 1
629 628 1
630 144 1
630 387 1
630 549 1
630 576 1
630 603 1
630 621 1
631 145 1
631 388 1
631 550 1
631 577 1
631 604 1
631 622 1
631 630 1
632 146 1
632 389 1
632 551 1
632 578 1
632 605 1
632 623 1
632 630 1
632 631 1
633 147 1
633 390 1
633 552 1
633 579 1
633 606 1
633 624 1
633 630 1
634 148 1
634 391 1
634 553 1
634 580 1
634 607 1
634 625 1
634 631 1
634 633 1
635 149 1
635 392 1
635 554 1
635 581 1
635 608 1
635 626 1
635 632 1
635 633 1
635 634 1
636 150 1
636 393 1
636 555 1
636 582 1
636 609 1
636 627 1
636 630 1
636 633 1
637 151 1
637 394 1
637 556 1
637 583 1
637 610 1
637 628 1
637 631 1
637 634 1
637 636 1
638 152 1
638 395 1
638 557 1
638 584 1
638 611 1
638 629 1
638 632 1
638 635 1
638 636 1
638 637 1
639 153 1
639 396 1
639 558 1
639 585 1
639 612 1
639 621 1
639 630 1
640 154 1
640 397 1
640 559 1
640 586 1
640 613 1
640 622 1
640 631 1
640 639 1
641 155 1
641 398 1
641 560 1
641 587 1
641 614 1
641 623 1
641 632 1
641 639 1
641 640 1
642 156 1
642 399 1
642 561 1
642 588 1
642 615 1
642 624 1
642 633 1
642 639 1
643 157 1
643 400 1
643 562 1
643 589 1
643 616 1
643 625 1
643 634 1
643 640 1
643 642 1
644 158 1
644 401 1
644 563 1
644 590 1
644 617 1
644 626 1
644 635 1
644 641 1
644 642 1
644 643 1
645 159 1
645 402 1
645 564 1
645 591 1
645 618 1
645 627 1
645 636 1
645 639 1
645 642 1
646 160 1
646 403 1
646 565 1
646 592 1
646 619 1
646 628 1
646 637 1
646 640 1
646 643 1
646 645 1
647 161 1
647 404 1
647 566 1
647 593 1
647 620 1
647 629 1
647 638 1
647 641 1
647 644 1
647 645 1
647 646 1
648 162 1
648 405 1
648 486 1
648 567 1
649 163 1
649 406 1
649 487 1
649 568 1
649 648 1
650 164 1
650 407 1
650 488 1
650 569 1
650 648 1
650 649 1
651 165 1
651 408 1
651 489 1
651 570 1
651 648 1
652 166 1
652 409 1
652 490 1
652 571 1
652 649 1
652 651 1
653 167 1
653 410 1
653 491 1
653 572 1
653 650 1
653 651 1
653 652 1
654 168 1
654 411 1
654 492 1
654 573 1
654 648 1
654 651 1
655 169 1
655 412 1
655 493 1
655 574 1
655 649 1
655 652 1
655 654 1
656 170 1
656 413 1
656 494 1
656 575 1
656 650 1
656 653 1
656 654 1
656 655 1
657 171 1
657 414 1
657 495 1
657 576 1
657 648 1
658 172 1
658 415 1
658 496 1
658 577 1
658 649 1
658 657 1
659 173 1
659 416 1
659 497 1
659 578 1
659 650 1
659 657 1
659 658 1
660 174 1
660 417 1
660 498 1
660 579 1
660 651 1
660 657 1
661 175 1
661 418 1
661 499 1
661 580 1
661 652 1
661 658 1
661 660 1
662 176 1
662 419 1
662 500 1
662 581 1
662 653 1
662 659 1
662 660 1
662 661 1
663 177 1
663 420 1
663 501 1
663 582 1
663 654 1
663 657 1
663 660 1
664 178 1
664 421 1
664 502 1
664 583 1
664 655 1
664 658 1
664 661 1
664 663 1
665 179 1
665 422 1
665 503 1
665 584 1
665 656 1
665 659 1
665 662 1
665 663 1
665 664 1
666 180 1
666 423 1
666 504 1
666 585 1
666 648 1
666 657 1
667 181 1
667 424 1
667 505 1
667 586 1
667 649 1
667 658 1
667 666 1
668 182 1
668 425 1
668 506 1
668 587 1
668 650 1
668 659 1
668 666 1
668 667 1
669 183 1
669 426 1
669 507 1
669 588 1
669 651 1
669 660 1
669 666 1
670 184 1
670 427 1
670 508 1
670 589 1
670 652 1
670 661 1
670 667 1
670 669 1
671 185 1
671 428 1
671 509 1
671 590 1
671 662 1
671 668 1
671 669 1
671 670 1
672 186 1
672 429 1
672 510 1
672 591 1
672 654 1
672 663 1
672 666 1
672 669 1
673 187 1
673 430 1
673 511 1
673 592 1
673 655 1
673 664 1
673 667 1
673 670 1
673 672 1
674 188 1
674 431 1
674 512 1
674 593 1
674 656 1
674 665 1
674 668 1
674 671 1
674 672 1
674 673 1
675 189 1
675 432 1
675 513 1
675 594 1
675 648 1
676 190 1
676 433 1
676 514 1
676 595 1
676 649 1
676 675 1
677 191 1
677 434 1
677 515 1
677 596 1
677 650 1
677 675 1
677 676 1
678 192 1
678 435 1
678 516 1
678 597 1
678 651 1
678 675 1
679 193 1
679 436 1
679 517 1
679 598 1
679 652 1
679 676 1
679 678 1
680 194 1
680 437 1
680 518 1
680 599 1
680 653 1
680 677 1
680 678 1
680 679 1
681 195 1
681 438 1
681 519 1
681 600 1
681 654 1
681 675 1
681 678 1
682 196 1
682 439 1
682 520 1
682 601 1
682 655 1
682 676 1
682 679 1
682 681 1
683 197 1
683 440 1
683 521 1
683 602 1
683 656 1
683 677 1
683 680 1
683 681 1
683 682 1
684 198 1
684 441 1
684 522 1
684 603 1
684 657 1
684 675 1
685 199 1
685 442 1
685 523 1
685 604 1
685 658 1
685 676 1
685 684 1
686 200 1
686 443 1
686 524 1
686 605 1
686 659 1
686 677 1
686 684 1
686 685 1
687 201 1
687 444 1
687 525 1
687 606 1
687 660 1
687 678 1
687 684 1
688 202 1
688 445 1
688 526 1
688 607 1
688 661 1
688 679 1
688 685 1
688 687 1
689 203 1
689 446 1
689 527 1
689 608 1
689 662 1
689 680 1
689 686 1
689 687 1
689 688 1
690 204 1
690 447 1
690 528 1
690 609 1
690 663 1
690 681 1
690 684 1
690 687 1
691 205 1
691 448 1
691 529 1
691 610 1
691 664 1
691 682 1
691 685 1
691 688 1
691 690 1
692 206 1
692 449 1
692 530 1
692 611 1
692 665 1
692 683 1
692 686 1
692 689 1
692 690 1
692 691 1
693 207 1
693 450 1
693 531 1
693 612 1
693 666 1
693 675 1
693 684 1
694 208 1
694 451 1
694 532 1
694 613 1
694 667 1
694 676 1
694 685 1
694 693 1
695 209 1
695 452 1
695 533 1
695 614 1
695 668 1
695 677 1
695 686 1
695 693 1
695 694 1
696 210 1
696 453 1
696 534 1
696 615 1
696 669 1
696 678 1
696 687 1
696 693 1
697 211 1
697 454 1
697 535 1
697 616 1
697 670 1
697 679 1
697 688 1
697 694 1
697 696 1
698 212 1
698 455 1
698 536 1
698 617 1
698 671 1
698 680 1
698 689 1
698 695 1
698 696 1
698 697 1
699 213 1
699 456 1
699 537 1
699 618 1
699 672 1
699 681 1
699 690 1
699 693 1
699 696 1
700 214 1
700 457 1
700 538 1
700 619 1
700 673 1
700 682 1
700 691 1
700 694 1
700 697 1
700 699 1
701 215 1
701 458 1
701 539 1
701 620 1
701 674 1
701 683 1
701 692 1
701 695 1
701 698 1
701 699 1
701 700 1
702 216 1
702 459 1
702 540 1
702 621 1
702 648 1
702 675 1
703 217 1
703 460 1
703 541 1
703 622 1
703 649 1
703 676 1
703 702 1
704 218 1
704 461 1
704 542 1
704 623 1
704 650 1
704 677 1
704 702 1
704 703 1
705 219 1
705 462 1
705 543 1
705 624 1
705 651 1
705 678 1
705 702 1
706 220 1
706 463 1
706 544 1
706 625 1
706 652 1
706 679 1
706 703 1
706 705 1
707 221 1
707 464 1
707 545 1
707 626 1
707 653 1
707 680 1
707 704 1
707 705 1
707 706 1
708 222 1
708 465 1
708 546 1
708 627 1
708 654 1
708 681 1
708 702 1
708 705 1
709 223 1
709 466 1
709 547 1
709 628 1
709 655 1
709 682 1
709 703 1
709 706 1
709 708 1
710 224 1
710 467 1
710 548 1
710 629 1
710 656 1
710 683 1
710 704 1
710 707 1
710 708 1
710 709 1
711 225 1
711 468 1
711 549 1
711 630 1
711 657 1
711 684 1
711 702 1
712 226 1
712 469 1
712 550 1
712 631 1
712 658 1
712 685 1
712 703 1
712 711 1
713 227 1
713 470 1
713 551 1
713 632 1
713 659 1
713 686 1
713 704 1
713 711 1
713 712 1
714 228 1
714 471 1
714 552 1
714 633 1
714 660 1
714 687 1
714 705 1
714 711 1
715 229 1
715 472 1
715 553 1
715 634 1
715 661 1
715 688 1
715 706 1
715 712 1
715 714 1
716 230 1
716 473 1
716 554 1
716 635 1
716 662 1
716 689 1
716 707 1
716 713 1
716 714 1
716 715 1
717 231 1
717 474 1
717 555 1
717 636 1
717 663 1
717 690 1
717 708 1
717 711 1
717 714 1
718 232 1
718 475 1
718 556 1
718 637 1
718 664 1
718 691 1
718 709 1
718 712 1
718 715 1
718 717 1
719 233 1
719 476 1
719 557 1
719 638 1
719 665 1
719 692 1
719 710 1
719 713 1
719 716 1
719 717 1
719 718 1
720 234 1
720 477 1
720 558 1
720 639 1
720 666 1
720 693 1
720 702 1
720 711 1
721 235 1
721 478 1
721 559 1
721 640 1
721 667 1
721 694 1
721 703 1
721 712 1
721 720 1
722 236 1
722 479 1
722 560 1
722 641 1
722 668 1
722 695 1
722 704 1
722 713 1
722 720 1
722 721 1
723 237 1
723 480 1
723 561 1
723 642 1
723 669 1
723 696 1
723 705 1
723 714 1
723 720 1
724 238 1
724 481 1
724 562 1
724 643 1
724 670 1
724 697 1
724 706 1
724 715 1
724 721 1
724 723 1
725 239 1
725 482 1
725 563 1
725 644 1
725 671 1
725 698 1
725 707 1
725 716 1
725 722 1
725 723 1
725 724 1
726 240 1
726 483 1
726 564 1
726 645 1
726 672 1
726 699 1
726 708 1
726 717 1
726 720 1
726 723 1
727 241 1
727 484 1
727 565 1
727 646 1
727 673 1
727 700 1
727 709 1
727 718 1
727 721 1
727 724 1
727 726 1
728 242 1
728 485 1
728 566 1
728 647 1
728 674 1
728 701 1
728 710 1
728 719 1
728 722 1
728 725 1
728 726 1
728 727 1
2
13
16
29
42
61
72
77
100
105
107
108
110
111
113
122
142
145
164
165
171
208
211
214
219
233
260
263
264
280
291
297
302
322
325
328
331
349
365
369
374
393
398
399
414
430
438
439
440
472
479
492
505
517
525
539
551
552
578
579
594
610
612
629
633
637
643
653
655
657
662
671
686
687
703
726
