3760897
72915
81617
7637
7636
7635
7634
7633
7632
7631
7675
81589
75828
68887
68888
7674
7738
7722
7875
81544
7868
7869
7870
7871
7872
7910
7909
7908
7907
81496
7488
7489
81483
7490
7491
7492
7389
7417
7424
7423
7422
7421
7420
7419
7425
7432
7431
7430
7429
7428
7427
7426
5787
5788
5789
5790
5791
5792
5793
5794
5795
5796
5797
5798
5799
81334
5772
5575
5574
5712
5622
5545
5248
5247
5246
5376
5309
5308
5307
5461
5460
5459
81277
75910
68984
68985
5458
5457
5456
5455
4199
4198
4197
4196
4195
4194
4193
4192
4191
4190
4189
4242
4314
4321
4329
4333
4332
4331
4381
4380
4379
4378
4377
81209
69018
69241
75940
4404
79374
79373
79310
75950
69313
69314
79309
15150
79270
79269
15148
15147
81105
15146
15145
81104
15224
79220
69657
69662
76003
79219
79218
15920
81069
16000
15999
81041
76009
69669
69670
69671
69672
76012
73177
73172
5786
7509
7508
7507
7506
81341
79536
79535
7504
7503
7502
7501
7500
7513
7516
7534
7533
7532
7531
7530
7529
7528
7527
7526
7549
7548
7547
7243
7230
7229
7228
7227
7226
7135
7134
7133
7553
81146
81125
7554
7555
7556
4883
4882
4881
4880
81107
4879
4878
4877
4876
4875
4874
4873
4872
81089
4871
81080
9953
9954
79191
79190
9956
9957
9958
9959
79196
79197
9961
9962
12708
72132
72133
72134
72135
72136
72137
72138
72139
72140
72141
72142
72143
72144
50481
50422
50379
50380
50149
50330
50329
50328
50327
50326
50325
50324
50323
80927
75656
50201
50200
50199
50198
50197
50196
50194
50195
80919
50184
50183
50176
50186
50159
78962
78961
50169
50171
44834
44835
44836
44837
44838
44839
44840
75483
78900
43770
43771
43103
43104
49225
49226
49227
54058
43057
43007
51633
42905
42906
42880
42881
42882
42873
42130
75453
42888
42887
44944
78600
78599
44969
44968
41862
75492
44967
44966
44965
44964
44963
44962
44961
44960
44959
44958
44957
44956
44955
78272
78271
75533
78296
44976
44975
44974
44973
78233
73807
73803
15998
15997
81031
16060
16059
81009
16112
16113
16114
16115
16116
81001
16117
16118
80990
72257
80988
72256
18564
18560
18629
18673
23734
23749
23757
23784
23765
79094
74689
80978
23779
23883
79095
79096
23815
80963
23319
23320
80937
69777
69783
76065
23814
80930
23813
23812
23811
80899
69815
69816
76094
69819
69820
76097
74773
80890
79005
23809
23808
23807
23806
23805
26246
26272
26271
26241
27934
27933
27985
27984
27939
27928
27927
27949
27950
27951
79035
73369
23888
80987
18514
17938
17944
17943
17942
17941
17940
17935
17934
17933
79182
79183
17931
17930
17929
17910
79225
74676
81126
23729
23730
23731
23697
81140
81141
23698
23699
23700
23701
18105
23702
81430
23703
81445
23704
23705
23706
23707
79820
73339
73334
7737
7736
7735
7734
7733
7732
81573
7731
8408
8407
8406
8405
8404
8403
8402
8401
8400
81590
8399
8398
8397
8396
81588
8395
8394
8393
8392
8391
8390
9800
9799
9798
9797
81516
9796
9795
9794
79689
79688
9792
9791
9790
9875
11966
11965
11979
75870
68937
68936
81468
11988
11989
10954
10955
10956
10957
10945
79748
72988
81534
10906
10907
79774
68897
68896
75837
72983
4403
79392
79393
4413
4412
4411
81363
81364
4604
81491
4605
14978
14977
14976
14975
14974
81504
14851
14823
14822
73119
72145
72146
72147
72148
72149
72150
72151
72152
72153
72154
72155
72156
16361
72157
72158
80986
72159
4111
4110
4109
4108
4107
4106
14141
14176
14229
14230
14231
14232
1985
1984
3815
3816
3817
3818
3819
3820
3821
79034
79033
3823
3824
3825
80882
3826
3827
3828
80865
3829
3830
3831
3832
3833
3834
3835
3836
4008
4009
4010
4011
4012
78831
78830
4014
4015
51703
4019
52180
4020
4018
3891
54594
72781
14175
14174
14173
14172
14171
14170
14169
4093
72836
74205
4160
79453
79454
4162
4163
4164
4207
4208
4301
4267
4268
4269
4270
4271
4282
4283
4275
4257
4247
4248
4249
4250
4997
5107
5106
5061
4976
81085
72877
72876
79821
79846
79847
23709
81625
23710
25049
25050
25051
25041
81522
74790
27377
27418
81536
27419
27420
79761
79760
27410
27411
27404
27405
79717
79716
27414
27415
27416
81448
74848
27433
27424
27423
29120
29121
29122
29113
29114
29115
29116
29117
29040
29044
29045
29046
29009
29055
73453
73447
81366
29010
29054
29053
79597
79598
29051
81397
28993
79620
79621
79645
68941
68940
75873
79646
28924
28892
28893
28894
79746
74846
28881
28901
28833
28832
28831
28912
73464
73460
29011
29118
29119
27108
79532
74915
81327
29026
79517
79516
28961
28923
81195
75941
69244
69258
73485
73481
73482
73488
75926
68993
68992
73501
73494
73493
79389
73514
73511
74892
81426
30086
79668
74916
79681
30114
30115
30116
30117
81451
30118
30119
79636
79635
30120
79594
75890
68948
68975
79593
31140
81292
73533
73530
79271
29642
81120
29643
73543
73540
26131
26130
26129
26128
26127
26126
26101
26100
26099
27005
51749
27006
27007
26029
52171
27008
26035
27009
27010
78620
78619
52489
69968
69969
76187
26985
67884
26975
26981
26980
26955
26954
26953
26952
26951
26950
26928
27012
55660
27013
28468
67445
28409
28490
28491
49025
35020
28492
28493
28494
28535
28536
28589
28588
28600
28601
30874
28604
28605
28606
28607
28608
28609
28643
39633
39632
39631
28626
28627
28628
39319
39320
60120
39321
39322
39323
47954
39324
47978
75295
30792
30793
30794
30798
30796
30748
30749
30633
30634
30635
30636
30637
30638
30639
30640
30641
30642
30643
30555
30659
30578
30628
30629
30626
30627
30544
78038
78037
30501
30502
30503
30504
30468
73580
73577
32041
32063
32062
78019
74982
32047
32048
32049
32050
64744
70437
70438
76349
32051
32052
32053
32054
32191
32213
39085
39084
39089
39101
39102
31846
39103
77981
77980
60285
29965
39163
39164
39165
39166
39167
39168
39169
77878
77877
39171
33063
77855
77854
39260
3975
39945
39902
39905
31804
39852
39851
39835
77761
77760
39831
39832
39801
39800
73658
7132
7131
7130
7129
79279
69330
69367
75972
72905
81151
72898
42886
42885
42884
78700
78701
42878
42877
42987
71231
43035
43407
43406
43405
43404
43398
43403
43402
43371
43389
43387
43388
43314
43386
43318
43319
78890
78891
50052
40452
78921
78922
50050
49521
49522
49523
49524
49554
49559
49560
49561
50049
80893
76093
61812
80894
61813
80883
73853
73852
78165
78164
46785
46786
46787
46788
46789
46790
46818
46900
46901
46902
46852
46853
46854
46855
64814
75536
78117
46890
39183
46889
46888
46887
46886
46885
46884
46883
46882
46881
46880
46879
78094
78093
46877
46876
46875
46874
46873
46872
46871
44123
44122
44121
44120
44119
44118
44117
44116
44115
77975
77974
44113
44112
44111
44110
44109
44108
44107
44106
44105
44104
44103
44102
44101
44100
44099
44098
44097
3892
44096
44095
44094
44093
44092
44091
44090
44089
44088
44087
44086
44085
44084
44083
44082
44081
44080
44079
44078
44077
44076
44075
44074
77680
70612
70613
76403
77679
77678
53187
53186
53185
53184
53183
53182
53181
53180
53179
53178
53177
53176
77651
77650
53174
53173
53172
77536
77535
53105
53101
53110
53111
53112
77452
75807
77449
52602
52603
52604
52605
52606
10195
52607
52608
52609
23564
52610
52611
52612
52613
52614
52615
52616
52617
52618
52619
52620
52621
28994
52622
32491
52565
52564
52563
52623
52624
52492
52491
52490
77210
77209
52416
77184
77183
52427
52426
52425
13370
76478
71318
71319
77102
4611
52626
52627
51628
51617
51562
54279
54276
54275
54274
54273
52077
52076
52075
52074
52061
52060
52059
52058
52024
52023
52022
29372
52134
52149
52156
76948
73927
53928
77084
77083
54317
54318
54319
54320
54345
54346
77104
71349
71322
76485
27479
17538
75854
29404
77110
74001
76101
69833
69834
61814
61815
78986
69837
69838
76108
74026
74024
77451
53098
53097
53114
38102
53115
53116
77372
77371
53118
53119
53120
37977
53121
53122
53123
73450
53124
53125
53126
53127
28987
53128
53129
53130
53131
11940
53132
11964
53133
53134
17461
53135
53136
53137
53138
53139
53140
53141
53142
77172
77171
53144
56346
56347
77116
77115
56342
56341
66786
66785
77092
77091
66873
17070
66872
66871
67562
67581
67580
67583
67592
9122
67636
67637
67638
67639
29245
67640
67641
15533
67642
67643
67644
69623
25073
69646
23708
74068
81587
81633
14820
14778
81623
14779
15000
15632
15633
79944
79945
15621
79994
79995
16314
72260
17073
17074
81736
17075
80033
74484
81731
17749
17750
17751
17752
17753
81865
17754
17755
80190
80191
17843
81936
17145
82001
17144
17143
17142
17141
17140
22911
22670
22671
22672
22673
22674
22675
22676
22677
22678
22679
22680
22681
22682
22683
22684
22685
22686
22687
22688
22689
22690
22691
22692
22693
22694
22695
22696
22697
22698
22699
22700
22701
22702
22703
22704
22705
22706
22707
22708
22709
22710
22711
22712
22713
22714
22715
22716
22717
22718
22719
22720
22721
22722
22723
22724
22725
22726
22727
22728
22729
22730
22731
22732
22733
22734
22735
22736
22737
22738
22739
22740
22741
22742
22743
22744
22745
22746
22747
22748
22749
22750
22751
22752
22753
22754
22755
22756
22757
22758
22759
22760
22761
22762
22763
22764
22765
22766
22767
22768
22769
22770
22771
22772
22773
22774
22775
22776
22777
22778
22779
22780
22781
22782
22783
22784
22785
22786
22787
22788
22789
22790
22791
22792
22793
22794
22795
22796
22797
22798
22799
22800
22801
22802
22803
22804
22805
22665
22666
22667
22668
22910
17226
17225
17224
17223
17222
17221
17220
80497
80498
17218
17213
17214
17215
17216
82228
80639
73204
73202
17078
17079
17080
17541
17542
17543
79884
79883
17537
17515
17065
17442
81540
17438
17421
17420
17419
17418
17417
17416
17415
17414
17413
17412
17437
79712
75861
68927
68926
79726
79727
73216
28891
28890
30071
30081
30090
30091
81612
30092
30093
29406
29405
79877
79878
29403
30094
30353
30297
30949
22214
22215
22216
22217
81823
80117
74619
81838
22206
22205
22204
22203
22202
22201
22200
22358
22357
22356
22362
22361
22360
80340
80341
22066
80388
80389
80390
80439
80440
22113
22112
22111
22110
22109
22108
21308
82197
22107
22106
22105
80580
74627
82215
22129
22131
22130
19082
19083
19084
19085
19086
19087
19042
19041
19040
19023
18995
80700
74530
80699
19053
82346
19054
19055
19056
19057
19015
19016
82385
82384
82383
73241
22931
22930
22929
22928
22927
22923
22922
22958
22957
22992
22967
22970
75658
68242
68241
74654
80455
23116
23117
23249
82145
23248
23247
23246
23245
23244
80591
75623
68158
68157
80592
23242
80598
80597
20427
20402
21038
80543
80542
82117
68239
68240
75661
21036
21035
21034
21033
82156
21042
21041
73273
73270
22925
22926
22914
22915
22916
22917
22918
22919
22920
80516
73287
73282
74704
80490
21635
24119
24120
21630
21642
80387
73316
73311
74187
76131
69852
69851
72826
52777
56721
72823
81535
25133
25132
25131
25130
25129
73361
73358
54336
54337
2732
2731
77141
27486
74012
81425
74890
79616
73423
79618
28896
28895
79572
73422
28925
73435
73433
80875
80874
74954
28151
28338
28339
78952
73381
40037
40036
81741
40035
40038
15305
15352
15351
81829
15373
15372
15371
15370
68549
68548
75732
81918
80269
68531
68530
75706
74396
80302
5161
5162
5163
5164
5165
5166
5178
80308
72890
72888
81574
81575
25128
79858
79859
25947
81638
25946
25945
25944
25943
25942
25941
80072
73472
80102
81827
28625
28624
28550
65518
39799
28549
28548
28547
28546
28545
28544
26472
26471
26856
26470
25717
25716
25715
25714
25713
25712
25711
25710
34939
25709
25708
25707
25706
25705
25704
25703
25702
25701
25767
25740
25741
25742
25743
24809
24810
24795
24794
24752
78539
67885
14142
14187
14194
14192
14193
14189
14190
3798
3797
81064
1968
1967
1966
1965
1964
1963
1962
1961
1960
1959
1910
79301
79302
1911
1912
1913
1914
1915
81184
1916
1917
1918
1919
1920
1921
1922
1893
1894
79475
79476
1896
1897
1898
1899
1900
1901
1902
1903
1904
1905
1958
1957
77
76
75
74
73
72
71
70
69
68
79493
79492
66
65
64
63
62
61
60
59
58
57
1892
1891
1876
1882
1883
1879
1880
1866
1867
1858
1859
1813
1814
79113
72757
9789
9788
81416
9787
9786
9785
81387
74264
81378
9595
9594
9593
9592
9591
79590
79589
9575
9567
9568
8349
8350
8351
8275
8264
8265
8276
8214
8213
8212
8263
8262
8237
8236
8235
8234
8233
8232
8231
8230
8229
8228
8227
8226
8192
8193
8194
72927
22207
30318
30319
30320
30321
30322
30323
30324
30327
30328
30351
30350
81930
73522
1029
1030
1031
2693
2694
2695
2696
2697
2698
2699
2700
2701
2702
2703
2704
2705
2706
81527
2707
2708
2709
72774
72770
10800
10799
10798
79814
74314
81596
81607
10760
10761
81615
10762
10746
10770
81622
10771
10891
10892
10888
10889
10890
10835
10937
10958
10959
10960
10934
10979
10968
11092
11074
11075
11076
11077
11078
11079
11080
11081
11082
11083
11084
11085
11086
12336
11000
12421
12422
12423
12424
12425
12426
12504
12553
12552
81704
12551
81716
12550
9437
9436
9435
9434
81728
9433
73026
80057
73018
74894
75821
68882
68881
74917
79867
30378
30379
30380
79875
75019
31542
31541
31540
31539
31517
73549
9963
9964
9965
9966
9967
9968
12707
12725
12724
81180
12723
12722
12721
12720
12719
10183
10182
10181
10180
10179
10178
10177
10176
10175
10174
10173
10172
10171
10170
10169
10168
81203
79371
79372
10166
73043
73041
81654
73554
79870
31507
31506
79869
79868
31445
79863
79862
31476
31451
31493
31494
31350
31479
31478
31477
31348
81581
73606
73602
75903
68980
68981
31141
79480
79479
31305
31304
29671
29672
81113
74925
31206
31397
81131
31396
31395
73617
79308
73610
81592
986
987
988
989
990
991
992
79982
79983
2214
2215
2216
2217
2218
2219
2220
2221
2222
2223
2224
81762
2225
2226
2227
2228
2229
2230
2231
2232
2233
2234
2235
3326
3325
80141
80142
3323
3322
2032
81860
2033
2034
2035
2012
781
81901
81902
789
699
698
697
696
695
694
693
711
2036
80206
75738
68551
68550
80207
258
81917
259
260
261
262
263
213
214
215
216
189
190
191
192
193
194
195
196
197
198
199
1720
1719
1718
1717
1716
1715
1714
1713
1712
1711
82004
1710
1709
1708
1707
1706
82021
1705
1704
1703
14495
14496
14362
14363
82108
14364
14622
14619
14623
13914
13915
11651
80559
80560
11649
11648
11647
11646
11645
11644
11643
11642
11641
80619
80620
11639
11638
11637
11636
11635
82262
73070
39899
39898
39897
75326
72838
73681
73677
76947
52161
52160
52159
52158
76932
76931
52168
52167
51635
51636
51637
52181
51388
51389
22232
50998
50999
50979
50980
24032
50963
50964
50950
50933
50923
50924
20761
50925
50902
50901
50900
50899
50908
50907
50906
50910
50686
50669
50649
3311
50627
50632
50631
42728
42727
23946
42705
42712
42711
42659
42660
42661
42662
42654
42655
42656
42657
42623
42624
3050
73730
76859
73723
46791
46792
58101
46623
46624
46557
46558
73563
46613
46614
46615
46899
46898
46897
46896
46895
46516
46515
78129
75591
78141
46539
45792
45791
45790
45789
47939
47938
45788
45787
45786
45785
47881
45784
45783
45782
43743
43744
45720
73779
73776
52166
52165
52164
20771
51678
51708
51732
51759
51798
52173
52884
52885
52886
52887
52888
52889
52890
19234
52891
76880
76879
52893
52894
52895
52896
52897
52898
52899
52900
52901
52902
52903
52904
37671
75782
75783
76832
52971
52970
76828
76827
52969
52968
76826
72273
72272
76545
73965
76806
54128
23216
54125
76786
76785
76781
76558
72280
72281
76780
73946
73120
81646
73130
73128
74398
81912
73139
80189
73132
73940
73936
73960
54335
28877
54334
77074
73975
74419
79140
81023
74420
81017
15671
15706
16030
16029
73157
73154
73165
73163
78936
78935
49473
49472
49471
49470
49434
43173
43172
43171
43170
43169
57545
57544
57505
52146
57510
57509
52176
57508
57514
57513
57512
57511
57492
57491
57480
57406
57449
57439
58025
58026
58027
58028
58029
58030
41344
58031
58032
58033
78524
78523
58035
58036
58037
58038
58039
33253
58040
58041
58042
58043
35024
58044
58424
58423
58422
58421
58420
35038
58419
58418
58417
58416
58454
58453
58475
58474
58473
58472
58471
58470
58469
58468
59270
59269
59319
55239
59370
59369
59368
59367
59366
59365
59364
59357
76028
78355
59757
59756
59755
59754
59753
59752
59751
48736
59750
78311
76079
59716
59745
78291
78290
61608
61514
78250
60159
74050
78251
61509
61508
78218
78217
61506
61505
61504
61503
61502
78198
74052
74045
3837
3838
3839
3840
3841
3842
3843
3844
3845
3846
3847
3848
3849
3850
3851
78849
78848
3853
78837
78836
78789
78788
72806
78140
46537
46538
58070
46423
46424
46425
46420
46379
46380
46381
46382
46383
78070
78069
78012
78011
77968
77967
47980
47981
43894
47982
44402
73816
77922
47953
77925
58259
73825
77932
73329
60281
11978
11977
11976
11975
11034
11065
11049
11974
11973
11972
11971
11970
11969
11968
11967
79713
79714
79715
11916
11915
11914
11913
11912
11911
11910
79656
72998
17633
81744
17634
17635
17636
17637
17638
17639
17640
17641
17642
17643
81687
17612
17613
17614
17615
17616
17617
17618
17619
17669
17668
79960
79961
18195
81691
18196
79974
73236
73231
81753
81754
73014
73013
22213
30964
30963
30985
31036
81803
31037
31038
31039
31040
31041
80139
80140
31042
81857
31043
31044
31045
31046
31047
31048
31049
31050
31051
31052
31053
80196
75741
68572
68552
80197
31054
20757
20756
81948
73253
4410
81508
4409
79766
79767
4621
4660
81601
4662
81605
4691
72855
69645
77173
77174
69679
69678
69726
69725
72502
72503
40116
72504
72505
32446
72460
72459
30226
72458
33115
33118
33153
13136
33154
77265
77266
33156
33157
11418
33140
33141
9590
33209
33210
33211
33283
33291
33293
33294
33244
67
33245
1895
77411
75037
30282
33266
33265
33264
33263
33262
33261
33260
15152
73592
77458
12858
33254
33255
33256
33511
33528
73589
73568
70436
70435
76345
76344
70434
70433
78008
32132
32131
32130
32129
32128
73795
59785
73562
74701
23132
23113
23112
82022
73301
73299
30829
65530
70213
70266
76295
78289
30827
30826
30825
78200
78199
65125
76312
70277
70278
70279
70280
76325
76329
70285
70337
78123
30822
30821
30820
30819
30818
30817
30816
39192
39191
39190
39189
39188
39187
39186
39185
39184
78138
78139
39182
39181
39180
39179
39178
39177
39176
39175
38850
39174
38787
38475
38474
38473
38472
38471
38470
38469
38824
38825
38826
78143
75280
38853
38854
38855
38856
38857
38858
38859
38860
78166
73650
38960
73641
81204
10165
10164
10082
10076
74281
69011
68994
75921
79395
73061
79428
12964
81256
79433
73990
42625
76856
76855
42627
16450
42628
42629
42630
42631
19221
42632
76762
73698
42704
42668
42619
42618
42599
3314
42589
42588
32724
42637
42346
42438
42422
42391
42387
42379
42374
42375
42376
42377
42390
42341
42340
42415
42395
42396
42372
42324
42323
77014
73710
75297
39170
28791
28792
28774
28775
28776
28777
61471
28750
28751
28752
28720
28721
45458
28737
27583
27582
27581
27580
27579
27578
74800
26756
26757
26739
26740
26781
73341
42595
42904
42903
42902
42901
43915
78657
78656
43918
78614
78613
43916
55488
76203
70080
70081
43928
43935
43934
43933
43932
46679
27738
73743
73738
44954
45025
44978
78390
73752
78401
73745
45026
45027
45028
45029
33169
73768
73763
14361
80459
80458
14359
80452
80453
14357
82054
73092
73090
14519
81994
73104
73845
48003
73838
78684
73393
49776
78896
73864
50322
50321
50320
50319
50366
50365
50364
50361
50393
50461
50460
50459
50471
50470
50469
78964
78963
73868
50922
50921
50920
50919
50918
50944
50943
50942
76911
73893
50967
73882
75779
51699
51700
51701
2392
73903
73900
73915
28408
48654
28407
28507
28506
28505
78489
78490
78495
73411
73408
78496
27741
28232
31757
52686
31758
31759
31760
33228
31761
31762
31763
67315
31764
31765
31766
78594
74951
31823
31824
31825
31826
31827
31828
31829
31830
73930
78742
74977
76146
69871
69872
78740
31957
31958
31959
78670
78669
31961
31962
31963
31964
78652
73638
78690
38732
73627
73794
78236
39261
50970
3856
3857
3858
72575
78675
78674
72804
78721
72787
7842
81571
7841
7840
79806
79807
7838
7837
7836
7835
7834
7833
7832
7831
7830
7829
7828
80001
80000
7864
7863
81751
81752
7862
7861
7860
81831
80110
74243
81845
72948
80153
80154
8302
8301
8300
8299
8298
8297
79757
72960
79754
9020
72954
59784
59796
78178
74037
74033
7859
7858
7857
8535
8536
8537
8538
8539
8540
8541
8542
8543
8544
8735
80184
74254
8771
80209
72974
72970
76110
69839
69840
78985
51274
61817
51200
61818
61819
61820
78889
78888
61822
61823
61824
78775
72397
82152
72396
61897
61829
61828
61827
61826
61840
53852
74059
80989
74428
80985
16129
16162
16170
16168
16169
16164
16133
16134
79063
79062
16136
73181
