2258
123
198
199
200
209
210
211
227
228
229
230
231
274
286
308
347
348
349
350
351
352
365
389
424
429
442
466
526
527
528
574
596
598
602
614
634
652
653
674
675
676
677
678
679
680
681
682
696
697
698
699
700
704
705
716
717
718
719
720
721
722
739
757
769
786
791
805
855
856
857
858
877
921
940
956
961
975
979
998
1020
1021
1022
1023
1024
1025
1026
1027
1028
1034
1035
1036
1037
1038
1039
1055
1056
1057
1058
1059
1060
1074
1075
1076
1077
1078
1079
1115
1123
1128
1151
1155
1172
1175
1188
1193
1194
1195
1196
1197
1198
1199
1200
1202
1203
1204
1205
1216
1217
1218
1219
1268
1294
1300
1307
1310
1334
1358
1373
1396
1397
1398
1399
1400
1442
1443
1444
1445
1446
1447
1448
1449
1459
1460
1461
1462
1463
1464
1465
1474
1480
1492
1513
1531
1538
1542
1546
1559
1560
1561
1562
1563
1564
1565
1566
1578
1579
1580
1581
1582
1583
1584
1585
1586
1599
1619
1620
1621
1622
1623
1624
1625
1626
1627
1628
1629
1630
1631
1652
1665
1677
1680
1687
1705
1743
1744
1745
1746
1747
1756
1767
1768
1769
1770
1771
1772
1773
1774
1775
1776
1777
1778
1779
1780
1788
1789
1840
1855
1866
1874
1885
2006
2010
2026
2035
2045
2054
2089
2090
2091
2092
2093
2094
2108
2109
2110
2120
2121
2122
2123
2124
2125
2126
2127
2128
2129
2130
2131
2132
2133
2134
2135
2136
2137
2138
2139
2140
2141
2142
2143
2144
2145
2146
2147
2148
2149
2150
2209
2235
2300
2384
2511
2685
2759
2834
2954
3098
3179
3260
3416
3579
3669
3741
3886
4039
4200
4352
4517
4671
4800
4950
5103
5257
5429
5585
5675
5676