13070606
78674
78678
93119
97751
84433
97762
16529
16603
16602
16601
16600
16599
16598
16597
16596
16595
16594
16593
16767
18442
18441
18440
97956
18443
93419
93420
16763
16442
76220
76219
76218
76217
76216
76215
76214
76213
76212
76211
16486
16485
16484
98372
16483
16482
98409
16134
16133
98497
94059
94060
98541
16132
16223
16181
16252
16257
16246
16243
16261
16260
98831
15953
94564
84736
69043
69042
98906
98907
15951
15903
15902
15901
15900
15899
15898
15897
95065
99292
95066
15895
15894
95184
95185
41767
41766
41760
16727
15569
15568
15567
99706
15566
15565
15564
15579
15578
99772
15577
15576
15575
15574
99787
15573
15558
15559
4696
4695
8655
99795
8654
6635
6688
6689
7121
99812
7122
7120
7118
7119
7108
7109
7110
7105
7098
7099
99801
7089
7090
7104
6772
6773
7128
7153
7154
95779
95780
95846
95847
99918
95848
8686
8685
8684
8683
8682
8681
8680
100142
8679
8678
8677
8676
8675
8674
8673
8672
8671
8720
8721
8722
8723
8724
8725
8726
100282
8727
8728
8729
8730
8731
8732
100326
8733
8802
8873
8905
8901
100295
100294
9346
100280
96247
96246
9456
9457
84167
67818
67817
100240
9487
9485
9488
9392
96334
96335
9452
9400
96436
96437
76022
100440
76023
76024
76025
76026
76027
76028
76029
76030
76031
76032
76033
76034
100606
14692
14693
14694
14695
14696
14697
14698
14699
14700
14701
14702
14703
14704
14705
14706
14707
14708
14709
14710
96567
84077
67714
67715
96566
14712
14713
14714
14715
14716
14717
100416
14718
14719
14720
14721
14722
100394
96395
14723
14724
14725
14726
14727
14728
100327
14729
14730
14731
14672
14841
14842
14843
96127
96126
14845
14846
14847
14848
205
206
207
99964
208
209
210
96043
96044
212
213
264
100126
263
262
261
260
100140
259
96100
67911
67912
84224
96099
2034
711
693
694
695
696
697
698
699
789
100099
100098
100097
781
2010
100073
2033
96010
96009
3354
3355
3356
3357
3358
3370
96005
68101
68100
84277
96006
3362
3361
3322
3218
100343
3175
3193
3052
3053
3054
3055
3056
3057
3058
3059
100435
100436
3060
96645
77008
100605
3005
3006
3007
3008
3009
3010
3011
77073
77069
16574
76135
76136
97699
85263
69884
69885
76137
76138
76139
92937
69962
69963
85303
92936
76141
97516
86874
86876
76146
76147
92718
85380
70367
70368
92717
76168
76166
76167
25383
24027
24032
41788
76156
76157
76197
67071
67072
67073
67065
67066
67067
67068
83002
67069
67070
67030
36466
72026
67031
35861
67032
67033
67034
67035
67036
42361
65795
65796
64668
65947
65946
64143
64144
64638
64639
64168
64630
91188
91187
64572
62836
41617
62837
64424
64351
64723
64435
64401
64402
64422
64446
80536
63281
90739
90738
63861
65015
64038
64039
64988
64989
29764
65013
65028
90205
90204
63832
63546
63507
63508
64904
64905
63512
64906
64941
64922
33254
64942
64939
64940
63174
63094
63095
62255
62256
62257
62258
62259
62260
62261
62262
62263
62264
62265
62266
4163
86476
89696
62359
62358
62357
62356
62355
62354
62353
62352
62351
62350
62349
62348
62347
62346
62345
62344
62343
62342
62341
57493
57492
57491
57490
57489
57488
57487
57486
57485
86340
89349
57500
57501
57502
57503
57504
89327
89326
57506
57507
57508
57509
57510
57511
57512
57513
57514
57515
57516
57517
57518
31445
57965
57966
57967
57968
57969
57970
57971
57972
57973
57974
89080
89079
89078
57976
57977
57978
57979
57980
16326
57981
57982
57983
88988
88987
57984
57926
57927
57922
57928
88936
88935
57930
57931
57932
57933
57934
57935
57849
57850
57851
30226
10038
57852
57760
57745
57744
57743
57687
57688
57665
57666
57667
57668
57674
57695
38911
57696
57697
57698
57679
57680
33883
57681
57682
55335
55334
86276
55356
55355
58722
58721
58723
58667
58666
58665
58656
58655
58616
58615
58562
58563
58564
58565
58566
58567
58568
56678
56677
56685
56701
88283
88282
56699
56698
56687
56686
56694
56784
56743
56744
87998
83146
95849
95850
95982
96063
100114
96064
96122
100146
100153
77821
8819
96435
77874
77872
96146
96145
8891
8892
8893
8894
100137
8895
96109
96108
8897
9366
9367
9436
9435
9434
9433
9432
9431
9430
9429
9428
9427
9426
9480
9481
9489
9490
9608
9609
9657
9662
10693
10680
10588
99782
10618
10619
10620
10577
10578
10535
10536
10537
10538
10697
10696
10566
10565
11020
99636
11019
11022
11053
11052
11107
11108
11109
11110
11111
11112
11214
11235
11236
11237
11211
11256
78059
94977
12686
12652
94939
94938
99166
78144
78142
93120
97817
16507
97844
93170
93171
16000
15999
84421
97888
93293
84419
97938
16398
16399
78596
78591
16443
93532
69479
69478
85076
84405
93533
93534
98163
16445
93617
78612
93614
78607
16765
16513
78653
78650
94572
86918
98936
16721
17883
17882
17860
17859
17858
17857
17856
17855
17880
94657
84712
68940
68939
98999
17900
99002
94717
94718
18598
99046
18599
18600
18601
94811
94812
94849
99145
99146
94850
18604
18605
94924
94925
18607
18608
18609
18610
18611
18612
18613
95007
68725
68724
84609
99271
18614
18615
99298
18616
99320
18617
18618
18619
99380
18620
99405
18621
18622
18623
95492
95493
23152
23153
23154
23155
68184
68183
84401
99752
23156
23157
23158
99811
23159
23160
23161
23162
84235
67918
67917
100085
23163
23164
100169
23165
23166
23167
22563
23168
23169
23100
23099
19960
20741
100370
67734
67733
84127
100371
20740
96453
96454
23111
23112
96503
96504
23114
23115
23116
20125
100591
20522
100604
20521
20563
20591
20197
20603
22752
100773
22751
20618
100831
22837
22839
22838
19656
19622
100939
19621
97177
83760
67385
67384
97178
19654
19653
19652
19651
19650
101029
19649
97307
79080
101095
79072
79075
79076
83518
67103
67104
79067
94999
68727
68726
84614
95000
18786
95178
79515
95362
99522
95408
25384
25385
25386
25387
24065
24061
24062
24104
92688
92689
24102
24101
24100
24099
24098
24097
24096
24095
24094
24093
24092
24091
24090
24089
24088
24087
24086
97640
69964
70014
85293
24611
97612
24610
25472
25473
97554
97553
79613
79609
97421
24060
24059
25388
25389
25390
25391
25392
25393
25496
25495
53274
92469
92468
25456
92389
79375
79369
27388
27389
27399
27377
27378
26692
27392
27393
97493
27394
97485
84902
92730
24606
24605
24604
24603
24602
27420
27446
27445
27415
29107
29106
29158
29157
29112
29101
97483
97482
29121
29176
29175
29174
92699
92698
29069
29093
97467
29092
29117
29116
29061
29060
29068
97433
92624
70486
70487
85418
97424
92623
30944
30845
30849
30877
30887
30920
92556
92555
75367
33166
33167
33168
33289
33290
33291
33292
33293
33294
33295
33296
33297
33298
53339
33299
33300
33301
33302
53405
33303
33304
33305
33306
33307
82720
33308
74744
33309
33310
33311
33312
33313
33314
87043
85673
71015
71016
91871
33316
33317
33318
91573
91572
33320
33321
33322
33323
29021
85851
71322
71323
91428
33325
33326
33327
33328
82007
33329
33330
33331
39932
39933
85571
51223
32617
85128
36540
32595
91909
91910
32593
32592
39888
85563
92259
39890
39891
39892
39893
39894
39895
39972
80971
80967
63545
90206
90207
63543
63542
63558
63560
63559
63532
63753
63752
45222
63761
63760
63759
63758
63757
63756
63770
63769
90462
90463
63746
63565
63762
62169
59218
62103
61800
62087
62002
62174
62001
62000
60429
60430
60431
60432
90564
86454
90550
60478
61307
61298
61288
61027
81808
61026
59888
60127
60126
32119
90678
90679
60124
60123
60122
60121
60196
60195
60194
60193
60191
60022
40580
60021
60209
60203
90826
90827
60219
60261
90829
83286
90842
90882
90883
90916
29945
85994
71872
71844
90917
90918
90970
33446
90971
90743
81842
81840
81843
71914
71913
86043
90745
90746
46879
40235
90532
85974
90510
48670
48671
48603
48604
48957
48660
48661
48662
48953
48952
48951
48950
48949
47815
48550
62112
90493
48549
90447
86054
90473
48585
47740
47741
47742
47743
47744
81780
47745
47746
47747
90686
90687
47749
47750
47751
47752
47753
47754
47755
47727
47723
63749
47701
61062
47680
90807
90808
47678
47677
47691
47690
47700
83363
47601
47728
47602
47603
47604
29869
47605
63870
47606
47607
47608
47609
47610
47611
47612
47613
47614
45637
47615
47616
47617
47618
47619
90152
90151
47621
47622
47623
47624
47625
47626
47627
81553
47628
47629
47630
47631
50526
47264
47265
47266
47267
89914
72828
72829
86299
85930
47303
47302
47301
47300
47299
47298
47297
50412
50411
52535
86002
72917
72916
86388
82013
82010
83431
90841
45904
90698
86038
71911
71912
83246
48568
83241
83254
83250
83251
90905
83280
76196
86935
82239
76264
76265
76266
76267
92021
54366
83944
92002
91646
83939
86892
93369
18460
18470
18469
18468
18467
18466
18465
18464
18463
18462
18461
18458
18457
18456
98008
18455
18454
93428
84773
98113
24494
24495
24496
24462
98137
98138
79312
79308
99607
95491
18624
99560
18625
26143
26144
26145
26146
26147
26148
99366
68622
68623
84577
95102
95101
26149
26150
26151
99245
24475
94935
94934
94870
79508
79503
249
250
251
252
99815
552
553
554
555
556
557
558
559
560
561
562
563
564
565
566
567
568
569
570
571
572
573
574
95187
95186
576
577
578
579
580
581
582
583
584
99126
585
586
587
588
98902
589
590
591
592
593
594
595
596
98636
597
598
599
600
601
602
603
98454
604
605
606
607
608
795
794
793
792
1099
1098
1097
98263
1096
1095
1094
1093
1092
1091
1090
1089
1904
1905
1906
1907
1958
1959
1960
1961
1962
1963
1964
1965
1966
1967
98020
3845
3846
97939
14480
14479
14483
14482
14484
14477
14432
14466
14465
14464
14463
14462
14461
14460
14459
92667
77248
85135
69545
69540
69539
69538
85120
97977
16400
16401
98027
16321
93421
93422
85109
69521
69520
93423
15528
15448
93495
98089
93496
15504
15505
78427
78423
29100
29122
29123
29124
92832
97577
79756
33681
33736
33738
97418
33737
33698
33699
85207
33690
33691
33725
33724
33723
33722
97690
93152
93153
32733
97880
93487
69519
69518
85100
85119
69459
69458
85038
80430
80426
85194
91896
44030
33184
33183
33182
33181
91836
85702
71078
71077
80487
80485
82605
32734
97881
32735
32736
30972
30973
97978
30974
30975
30976
30977
30978
30979
30980
93316
69659
69723
85163
93315
30982
97878
93229
11167
11166
99266
11165
11169
11168
11048
99239
11047
11023
11039
99217
11038
11037
99189
84630
68742
68743
11007
8979
8986
8985
9022
9024
9096
9095
99115
7838
7837
99114
99109
7690
7836
99095
7835
7834
7833
7832
7831
7830
7981
99072
7974
7975
7976
7977
7978
94712
94711
8015
8014
94693
94692
7594
7593
98972
7592
94641
94642
98960
7590
7589
7588
7587
7586
7585
7584
7583
7582
94288
94287
98603
94110
94109
94006
94005
77754
94038
7640
7639
7638
7637
7636
7635
7634
7633
7656
7655
7654
7344
7331
7330
7329
7328
7327
7237
7236
7235
7234
7233
7232
7274
7257
7256
98094
69514
69515
85094
93503
7254
98084
93481
93482
77597
69434
69433
85023
93618
16447
98241
16424
16423
93755
69370
69369
84968
78601
83050
33177
85653
70944
70943
85155
91395
33120
33119
33118
36550
33117
33116
33115
36561
85149
33127
33131
91208
91207
32236
32235
32234
83560
32233
32232
32231
32230
32199
29808
45888
29809
90996
90995
29811
29812
29813
41361
41360
41359
29797
29798
29799
41046
41047
60084
41048
41049
41050
48101
41051
59195
41052
41053
41054
46950
86125
72088
72089
41055
41056
41057
29596
41058
41059
41060
41061
90245
90244
40841
40849
40848
40861
40860
40880
81516
40879
40878
81469
85641
46427
40990
40991
40992
40993
40994
89868
89867
40983
29327
40984
40985
41178
16621
72873
72883
86353
24716
89615
41582
41583
41584
4909
41585
41586
89518
89519
89545
85689
82125
81108
81107
46880
46881
46882
90884
90885
85979
71677
71676
67796
90886
46931
91098
91099
46858
49937
46857
31340
91140
81609
46860
46861
46862
46863
46864
46865
46866
46867
91175
91176
46945
81115
45728
81642
81640
90446
48547
48546
48502
48495
48517
48518
48519
48520
48521
46202
81763
81761
77749
77006
50470
49809
49810
49811
86005
77219
82050
82048
46869
46870
46871
46872
46873
85924
55934
46874
46875
91415
91416
46850
44607
44606
44605
91660
91661
44599
44598
44708
83022
44756
45151
45150
45149
45148
45142
45147
45146
45115
45133
45131
45132
45058
45130
45062
45063
92517
92518
52205
97395
92597
92598
52203
51674
51675
51676
51677
51707
51712
51713
51714
52202
52201
51744
51745
92808
92809
51747
51748
51738
51749
51763
51764
51765
51766
93087
82121
51772
93114
69855
69854
85221
82116
48501
33209
48500
48474
50158
50157
50153
50135
50085
50084
77135
50057
50056
50039
50055
77156
50029
50028
50027
50026
3900
50037
50036
50035
50034
50189
50215
50210
50211
89740
89739
50819
50241
50250
80407
50268
89321
89320
50679
50678
50694
15453
82058
82056
15560
15645
15644
15643
99893
15642
15641
15640
15639
15638
15637
100178
15636
15635
15634
15633
15632
15631
15630
100141
86906
100184
84467
100274
96098
17131
17116
17115
17114
17113
17112
17111
17018
17014
17013
17019
96587
78757
78752
83247
90822
18682
18666
18667
99176
18668
94920
94921
95052
95053
18679
18752
18751
99531
95244
99483
99482
99481
95224
95223
78995
64169
68493
64170
64171
64172
91368
91369
64174
64175
64176
64177
64178
34594
64179
64180
64181
91436
71325
71324
85853
91437
64183
64184
91913
86550
85659
70988
70987
83520
83000
83517
64667
65797
65798
65799
65800
65801
65802
65803
65804
65805
65806
65807
91905
83605
82599
83600
92020
91762
83935
76254
76250
91571
91570
83929
78057
78058
11343
11350
99152
11349
12620
12621
11333
11334
94798
78047
11132
99656
11131
12587
11299
11300
11301
11220
11219
11218
99669
11217
11250
11249
11248
99519
95372
99538
78069
56742
56741
15684
88026
88025
76740
56739
56738
56737
8858
56736
56735
56734
56733
55146
55147
87763
86863
74482
74483
86251
87764
55119
22723
55118
55117
8646
55116
55115
55114
55113
55112
2344
87672
76803
87671
78340
74965
74966
86875
87668
55109
87650
87651
87670
86245
17525
55105
55104
55103
55102
55101
55100
55099
55098
55097
55096
55095
55094
87750
87751
55092
2398
55091
55090
55089
55088
55087
55086
55085
54382
53986
53947
53921
87883
87884
87885
53867
30616
54373
54374
54375
53827
54388
53578
53579
388
53192
53193
53173
53174
85240
86833
74401
74402
53157
53158
30677
87841
87840
30642
53128
53118
53119
30744
53120
53097
53096
53095
53094
53103
53102
53101
53105
37241
52882
52866
87807
87806
52848
52847
52831
37231
87739
87738
87674
82255
15570
95523
95522
15983
95279
95278
15995
15994
15304
15084
99241
15083
94814
78388
92666
92665
75782
92536
42149
92550
92549
84398
99329
15848
15849
15850
99293
15825
15826
99193
78482
78476
78539
78531
84379
93636
78564
78559
85950
71990
71915
86045
81793
81789
83957
99395
76779
95181
76772
99500
96090
96091
215
216
100157
305
1642
1678
84185
67838
67837
100237
1677
1676
1679
100324
76802
100181
76831
76867
3051
3050
96507
67723
67722
84096
100455
3048
3047
77026
100574
3204
3205
3206
3207
3208
96741
96742
3227
3226
100634
96770
96771
3224
3223
2333
2334
2335
1402
83972
100708
1413
96897
96898
96903
67619
67610
83966
100710
1416
2582
2584
96932
100737
96933
97056
100869
76941
76939
17017
17119
84439
67725
67724
84105
78804
78801
94719
84682
68894
68893
78882
78880
17936
17945
17944
78906
78904
86923
93919
24623
93762
84774
98376
18514
93985
78964
78958
1417
1418
1419
1420
100694
1421
76971
86326
88284
56774
56577
56571
56527
56526
56525
56582
56581
56586
56585
12761
56584
56583
56549
56235
30116
73868
73867
86663
6890
88374
86655
73840
73839
26121
731
88359
73841
73842
86660
86670
73871
73872
83021
83019
95179
18784
18783
18782
18781
18780
99767
99768
18779
95683
95682
99783
18777
99757
18776
18775
18774
18859
99721
18866
18867
18823
18868
18887
79046
77053
3331
3332
77048
77044
3076
3075
3074
3073
76999
76997
27130
27129
27136
27135
27145
27147
96268
96269
27152
27151
27162
27161
27160
27179
96487
67727
67726
84110
100442
27177
22707
22706
100469
22665
22666
22662
96678
84681
84680
22669
22670
22671
22672
22673
22685
22319
22318
22317
22316
100695
22315
100780
22314
22313
22305
22257
22216
22210
21802
21789
21778
97181
97182
21685
21633
22312
100994
84739
19772
19773
19774
19775
19776
19777
19778
19779
97227
79168
79166
20617
20616
20615
20614
20613
22718
79198
87796
87797
55280
6593
2030
74304
74305
86824
82851
91761
76270
72694
25921
25905
25892
25893
91596
91597
76200
76199
76198
26815
79383
79381
85728
71106
71105
69809
26816
26817
26818
25824
25794
25784
25738
36548
79404
79400
64860
3656
64819
64820
89762
83557
83554
14519
97698
14520
14521
14522
1984
1983
3863
3864
3865
3866
97613
3867
3868
3869
92829
92828
3871
3872
3873
97490
3874
3875
3876
97466
3877
3878
3879
3880
3881
3882
3883
53393
70488
70489
85431
3884
4081
4082
4083
53207
4084
4085
92355
70545
70546
85491
92354
4086
4087
54984
4091
92014
85639
70947
70948
92013
4090
3939
42986
77107
100329
79600
53093
53092
53070
82334
85652
32082
32010
32009
32008
31998
31999
32000
32001
32601
32002
31875
31809
31791
31792
31793
31794
31795
31111
31112
46431
31772
31773
31774
31775
31808
89923
89922
31353
31349
31330
31331
31197
29511
31191
89752
89751
31086
31087
31088
31089
31090
31185
52209
31186
31174
31175
28775
31129
31130
31131
31132
31133
31134
39564
29025
30940
29026
29003
29004
29005
29006
29007
28999
28800
28801
28802
80425
80434
85059
28879
28848
28854
89192
79721
77268
42111
77260
97578
85245
69863
69862
92833
97778
85226
69858
69859
79760
29226
93104
79788
79783
29796
29795
33400
29722
29723
29724
29725
29861
29862
29863
29864
59886
29865
29866
90731
90730
29868
90719
90718
29857
29841
27725
29815
29816
29817
29818
29819
47597
27709
29573
79904
90458
29893
29892
29891
29890
79898
48807
29822
64582
79916
79911
84718
96321
85025
96323
30664
30663
30662
96016
96015
99974
30645
99828
30602
30603
30604
30646
99759
30647
99729
30648
30649
30650
30651
30510
30511
30503
30504
30505
30506
30507
30081
85005
95114
30064
30063
30062
30061
30060
30059
99210
30058
94825
94824
94710
99018
79952
79949
94709
30102
30101
30100
98916
30131
94495
84738
69046
69047
94494
94404
94403
30227
98754
79989
98767
79986
95113
30066
95039
95038
30068
30069
30070
30071
30072
30073
99033
80018
80014
85007
30089
30109
30041
30040
30039
30120
80030
80026
30080
30079
99306
80074
95166
30482
30481
30480
30479
95345
95303
80065
30074
28673
28672
28671
28670
28669
28668
28667
28666
28665
28684
28683
30413
30412
28614
30487
30486
80080
85024
95771
30656
30657
30658
30659
30660
30661
99648
68277
68278
84444
80118
95404
80113
99718
99719
96320
23121
100172
100171
80148
80146
85026
96000
30666
100125
23085
100212
100213
96266
80189
80188
30285
94348
94347
30287
30288
30245
30367
30368
28283
94104
85103
98564
30260
94076
94075
98520
30180
30130
98287
98286
84963
69367
69368
80283
80279
80280
80286
84928
69325
69324
80299
80292
80291
93830
80312
80309
32125
32126
90911
80329
98092
30968
30967
93700
69386
69373
84977
93701
32654
93992
93993
32473
69265
69264
84879
80366
80363
97947
30983
80403
97992
30948
30947
30946
30941
93399
98023
80386
15447
69477
69476
85066
98090
15393
15359
4519
98284
4520
93844
84116
98399
93897
4457
77288
77285
7253
98082
7295
98073
7294
7322
98069
7321
7320
7319
7164
7167
7166
7318
7161
7160
7163
7177
7176
7195
7194
7193
7192
7191
93408
93407
98037
85114
69534
69535
7187
4969
98025
93394
93393
98019
4977
4976
93397
93398
5087
93430
77334
4978
4973
98021
5043
5044
77346
77345
60923
85081
89919
31804
31803
31802
81555
89951
80671
89216
79723
89215
28838
28837
31291
31292
31293
31294
28984
28983
31295
31296
89145
86469
73295
73296
89144
31297
31298
31299
31300
31301
31302
31303
31304
31305
31306
31307
31308
31309
31310
31311
34901
77776
34900
35063
35070
35048
35028
35027
35026
88970
88969
88968
34760
27003
88925
85275
34780
34781
34782
34783
34784
34785
34786
34787
34788
34693
88778
80716
80714
98648
7580
5878
5879
5880
5881
5882
98621
5883
5884
5885
5886
5887
5888
5889
98594
5890
98577
5863
5667
5668
5669
5670
5671
5672
5673
98758
94399
94400
5827
77434
77432
84707
100974
19685
19686
19687
19688
100964
19750
19751
100946
19752
19753
97142
97141
19755
20459
100878
20460
20461
20463
20243
20393
20394
20370
20313
100577
21503
20316
21470
21471
21472
21453
100372
21414
96308
79149
100320
21451
100297
21415
21432
21431
21430
21429
32387
37124
37123
37164
37163
37162
96167
96166
100183
37168
100158
37169
37216
100155
37215
37214
37219
96134
80760
84208
67902
67901
80766
6579
6578
6577
99817
6671
99931
6670
96050
77506
68089
68088
84250
95916
100031
100030
77500
33332
91315
91314
32611
82924
85127
41705
85181
91149
33232
33231
64737
85937
71630
71631
85942
71638
71639
91091
33229
33228
40285
40286
40287
40288
50016
85601
40319
40318
80246
40317
40316
40315
40314
40313
40312
40311
40310
40309
40308
40307
40371
80570
40354
40341
40342
40343
40344
40345
40346
48669
40176
40177
40178
40179
40180
40181
40182
40183
40184
40185
40186
40187
40188
40189
40190
40191
40192
40554
40555
40556
90475
90474
40558
40559
40560
90420
85630
90419
40562
40563
40552
40531
40532
40545
40495
46251
81012
81008
95731
95732
6770
6769
99966
7159
7158
6605
99920
77549
87673
87675
76800
87676
44578
44577
9396
9393
44436
44437
44438
44576
44575
44551
3049
44552
44547
44548
44535
44536
44537
44533
44523
87439
87438
42033
1423
1388
42010
78765
76175
76176
86974
81210
87337
42013
41951
78257
41950
41909
87236
81170
87235
87228
87227
42288
42289
42290
20813
81237
81232
52865
87904
86827
74307
74306
77492
52823
52828
30720
52827
44449
44448
74240
74239
86801
6606
44426
44390
88107
88108
44340
44321
79042
44311
44310
79030
44359
44070
44069
44068
88169
85839
994
44054
88189
88193
88194
81271
88196
2128
44038
88229
88228
81281
44556
44555
81319
81313
7231
93538
69470
69471
85061
77584
98170
77577
81618
81616
89567
41626
41627
41560
41529
41528
16396
81090
90737
47731
47730
90793
90794
83433
81698
44861
49812
49797
49832
49833
25300
49844
49845
49846
42467
42466
42465
42464
42463
42462
42461
42460
42459
42458
42457
42456
42455
42454
42453
42452
42451
42450
42449
42448
42447
42446
42445
42444
42443
42442
42441
42440
42439
90208
90209
42437
42436
42435
42434
42433
81413
42432
42431
42430
49566
49567
86082
62171
48203
48222
90636
81754
81750
77596
98115
7286
7285
7284
7283
93758
93759
7281
98296
7280
7279
77620
77618
77663
99143
7782
7738
7739
7740
7741
7742
7743
7744
99225
77654
50214
49978
49977
49976
39649
81923
7745
7746
7747
99243
77686
77682
77171
77170
50488
50487
77249
50486
50485
50484
60979
33817
50481
50482
16550
50483
50425
50426
50434
50363
82026
82024
7829
7949
7950
7951
7952
7953
7954
94830
94831
7900
7917
7933
7932
99296
7931
7930
7929
7928
7927
7926
95343
95344
7925
77692
97527
64192
97511
64193
97491
82108
82107
60477
60476
60475
60474
90437
90436
60472
60471
60470
60469
60093
90306
90305
59994
33124
60468
60467
60466
60465
90243
86453
90242
60463
60462
60461
60460
61796
61819
61820
61817
61829
61846
61878
61906
61905
61899
61933
61934
81540
90039
83377
97782
51771
51770
82118
97838
51803
51826
51827
51828
51818
93284
86105
97981
52183
52184
52185
97816
86111
85148
69554
69607
97972
82178
82172
82230
82227
87696
82340
86868
74490
74491
87695
2453
86871
74645
74922
87686
87643
87642
87505
82312
76181
76182
86979
87336
41961
87273
2560
87272
87250
24003
86237
41932
41931
41882
41883
41884
41885
2569
41886
41887
41888
2593
87039
76333
76334
87203
87202
17699
85709
41898
41897
41896
52771
52772
52774
52775
53236
53252
76969
53275
87185
82452
82855
87940
54210
87999
82581
88000
88093
82595
53826
53825
54376
54377
88069
82676
86246
87637
53425
16904
53426
87498
86142
53417
17605
53416
23660
53415
53414
3225
53413
82753
54928
87459
87460
54930
25031
87423
75289
75316
86950
82769
54995
17578
54996
55047
82818
55208
55200
82840
88358
88319
73909
73910
86680
88318
56231
56230
56229
15543
56228
79007
88296
88322
79543
82995
83023
88292
88288
88287
83007
56550
83031
88297
56226
17960
56225
18746
56224
56223
56222
4680
56221
17974
56592
88410
83078
38057
18787
32800
88420
56606
26159
88461
86629
73818
73817
2718
83086
56616
15139
88391
88392
56642
88417
83101
86248
87693
55151
55152
55153
56732
83133
88397
86646
73836
73835
30067
73834
73833
86642
88398
56630
56655
37920
83173
6774
6775
99873
6642
6643
6644
6645
6646
6647
6648
6649
77802
77801
48488
48489
48490
48869
48890
60590
81836
90224
66880
81831
90307
90384
81816
90697
86069
72001
72041
90696
45902
63838
81774
45901
59199
72076
72077
86121
90442
83270
77884
85383
70371
70372
64194
64195
92691
70414
70415
85396
83346
83344
84416
85106
69522
69523
84428
98010
15071
15072
15073
15074
93414
93413
15076
15077
15078
15079
76161
16777
16747
16746
93238
83496
99151
99150
84280
94856
11075
11076
11077
99092
9921
9920
94700
94699
99013
84698
68928
68929
99012
94698
9917
9916
94621
94620
9914
9913
9912
9911
9910
98803
9909
9908
9907
98733
84212
9719
9720
9721
9722
98673
9723
94264
94263
94120
77913
64722
89851
89852
64724
64725
64726
64727
64728
64729
64730
64731
64732
77236
83547
64715
64714
83539
9997
12243
12242
12256
84730
69039
69038
98921
12265
12266
11231
11232
94628
94629
11234
11222
94713
78025
99049
11183
11184
94765
68829
68828
84661
78019
83943
56227
67017
66939
91612
83655
83654
27724
27723
27730
27729
27728
27666
27665
27664
90707
90706
27637
27636
27635
90685
90684
27633
27632
27569
27570
90451
84880
90453
27573
27574
27617
27618
41836
76373
68318
68299
76372
76371
63875
68357
68288
68289
65432
68290
67217
67218
67219
81800
67220
83677
45765
67092
83669
69330
83751
57864
13651
57865
69430
69377
68936
68934
88788
86703
69379
69404
69037
69036
69035
69598
69599
83776
8167
69600
7447
73736
73737
86553
83792
57494
62340
62339
62338
62337
89374
86483
62283
4962
62284
62285
62286
65299
65300
65301
65302
86591
79673
27872
65294
65181
65180
65229
51853
83852
83847
83795
69624
69625
69840
33881
69839
70963
70962
70961
70955
70954
70953
70952
70951
70837
70836
70893
70892
70891
70878
70829
70818
70817
70680
70679
70678
70677
70676
70965
88609
88608
70967
70968
70969
71368
71464
71465
71715
71714
9919
71652
71606
73600
73601
73602
73603
88574
83875
78032
83370
83367
81621
84933
99365
99384
95297
84533
68419
68418
99416
79529
79527
95214
95434
26271
79537
84721
99703
23148
23147
23146
23145
99764
23144
23143
23142
23141
79575
79573
64040
81797
64041
63961
63960
63959
63988
63898
63923
63926
63925
60433
63924
63833
90768
83475
90770
63869
63868
90717
90716
63866
63865
63864
63863
63862
90662
83477
83471
83959
94220
623
624
877
876
875
874
873
872
98830
905
904
94520
94521
900
899
1021
1022
98834
1023
1024
1025
1026
1027
98805
1028
1957
1956
77
76
75
74
73
72
71
70
69
68
94018
94017
66
65
64
63
62
61
60
59
58
57
1890
1889
1874
1880
1881
1877
1878
1864
1865
1856
1857
1811
1812
93118
76840
79798
93049
27551
97739
93102
93103
27777
27773
27774
27811
27797
27798
27799
27800
27801
27810
27809
79675
93247
97890
97900
27747
27736
27737
28739
28740
28741
28742
28743
28744
28745
4195
28746
28747
28748
28179
84938
81497
79685
90114
27927
79680
28613
27067
99279
27068
94971
94970
26216
26215
99281
79714
95032
79705
77703
99991
76856
95953
76849
77750
98509
94035
29062
29115
92721
92722
92723
79811
29190
79804
79834
79832
82980
87634
23106
87549
87548
56416
78733
56413
87494
87493
87489
86934
75274
75280
87488
82961
2031
99978
84300
68108
68109
95938
99958
84313
68112
68113
2029
2177
2176
2175
99785
2162
2161
2141
2140
2144
2143
2163
2199
95495
76880
79927
79926
98624
79919
98667
94269
79938
98726
87845
214
82370
77833
94581
94582
79975
79973
44427
44434
80149
3363
81305
700
701
702
703
704
705
1356
1355
1354
1353
1334
1347
96380
76907
83977
96793
1453
1384
1385
76927
76925
28700
30420
99391
30428
99404
80036
98721
9718
9717
9716
9715
9714
94326
94325
9698
77891
52794
5251
52796
52795
17544
82243
80081
95614
80097
30547
80086
95329
95330
30418
99520
30417
30416
30415
30475
95516
84418
68252
68251
80105
80103
7660
98157
98112
7661
7662
93468
93467
4952
93469
93470
4950
7664
7665
98093
98129
7197
7198
7199
7200
7201
7202
7203
7204
7205
7206
10197
77941
93736
10251
98281
93811
77931
80138
80135
98273
93735
10249
10248
10247
10246
10245
10244
93801
77933
84949
69323
69318
98337
93885
77969
77962
30099
30098
31367
31377
31385
31386
99208
31387
31388
30693
30692
95037
84589
68711
68710
99314
30691
31389
31650
31595
31596
31597
31598
31599
31600
31601
31602
31603
31604
31605
30689
30688
30687
30686
30685
80159
84325
100611
10755
10756
10757
96794
96795
10759
10760
10761
10762
10763
97016
97017
100845
77995
10901
77990
100684
1422
96837
96836
1424
2642
2643
2644
96868
96869
2609
2608
2607
76970
100934
97121
85952
33525
47667
45488
45489
50098
71874
71873
85996
67806
45490
91015
91016
81669
81954
47706
81912
81661
100679
1425
96820
96819
2641
2640
2639
67625
67624
83978
76989
78050
80343
31653
22925
84695
95681
22917
31615
31616
31617
31618
31619
31620
31621
31624
31625
31648
31647
100179
80355
90795
90796
90797
90936
90930
78125
12281
78117
80401
98001
80395
30966
30965
93463
80410
98130
85117
94061
32547
32675
32716
98528
32715
94344
94343
32708
32707
32706
94560
80420
98905
80418
52525
50362
50361
89402
72946
72947
86396
89401
50359
89299
82001
32655
32515
85074
84602
68715
68714
85107
95004
31675
31676
31677
95034
85251
32896
32895
32894
32893
32871
80442
12651
12650
99272
95070
95071
12648
12713
99312
12695
99315
12760
99326
12759
95116
95115
12757
12756
94959
78154
31810
31811
85085
90155
31798
90104
80541
97534
33700
33701
33687
97629
33586
33587
92902
92901
80584
80582
33585
97713
33584
93080
97760
97761
80607
97754
80599
80598
11298
11297
99742
11296
99743
11295
11294
11293
11292
11291
11290
12514
12515
12516
12517
12518
12519
12520
12521
12522
12523
12524
12525
9553
9554
9555
99707
78167
95620
78159
92402
80632
85210
97689
92977
33733
85278
69953
69888
80647
92804
80642
93884
93883
10281
10216
10284
10283
10282
10256
10255
10254
10122
10121
10120
10119
10118
10117
10116
98310
10198
10204
10286
10287
98307
78195
78193
34281
34280
77232
72830
72831
86312
34279
34285
34286
25368
34305
34304
34303
34388
34380
34381
34382
34383
34384
34398
26929
80686
30942
80681
10856
10932
12016
12002
11972
11903
11904
11824
11809
11808
11905
11906
11907
11908
100935
11909
11910
11911
100919
11912
78287
52830
52829
8583
82268
1427
1428
1429
100663
1430
1431
1432
96780
96781
2671
96967
96968
2669
100832
78379
100833
14875
14874
97041
78378
96135
37222
37244
37248
96312
80776
80750
96120
37171
37172
96049
67919
67920
84239
100092
85409
37175
37785
37786
37787
37788
37789
95799
80797
80790
94561
32704
84724
68997
68996
80879
80878
98938
32703
99070
94820
94821
32701
32700
32699
32833
32832
32831
32697
99125
80895
80891
97688
93024
85195
69828
69829
69830
69831
85201
80916
80914
80432
93540
32750
32749
80930
93620
80923
94648
68922
68923
84693
94647
38845
94606
94605
38759
38760
38749
39165
98719
80943
94275
94215
80940
3203
96673
96672
3201
3200
77018
15124
78390
99297
78400
78398
85608
40363
90850
81052
90817
81776
81036
3231
3232
100595
3233
77032
14475
81123
81119
81127
81125
51550
81141
89686
41738
41737
41736
41735
114
41734
41733
89831
89832
78468
95988
100052
81207
83971
94559
1042
1043
1044
1045
1046
1047
981
982
99019
983
984
985
99144
77064
77060
97871
16033
16068
16430
16429
78506
78503
78513
78511
77216
92434
82736
85477
70547
70548
4025
92340
92387
92386
42009
82750
92385
92384
92383
77166
17591
44554
9401
81324
87554
44561
3262
87691
85862
77051
81335
15904
98949
94563
68945
68946
84720
94615
15949
98932
78553
78547
29765
31924
26813
33399
3795
86195
72237
72238
80554
78584
78582
81660
81653
56640
77142
85695
71059
71058
91935
54357
91967
90637
48220
48219
48218
48217
65849
48216
48582
48299
48298
48297
48296
48295
48294
48311
48310
48309
48308
48307
48306
48305
48304
48303
90977
90978
48301
33431
48317
48261
48260
48259
48271
91034
91035
91043
49143
91044
47980
47979
47978
48043
41747
48044
50466
48045
48046
47937
47936
47935
47941
81744
91116
81737
92308
92307
77180
54325
77148
55165
55049
98095
93451
93450
16497
78638
93896
4428
4401
4402
4403
4399
4391
4384
98452
4312
4259
4260
4261
4262
4263
4264
4265
4266
4267
4268
93986
77276
86064
50049
50012
50011
77147
49971
50010
50009
50008
89910
72820
72821
86292
81935
25706
34532
25705
91389
91388
25734
25733
68499
25732
25731
25702
25695
82025
91343
55657
55731
72119
41475
62291
86873
92970
97651
16658
97614
70027
70028
85320
16657
92683
78727
17117
17108
17101
16997
16998
17006
17007
16986
16905
16911
100479
16900
16901
78735
50410
50409
50408
50407
50406
50405
89260
82070
82069
4983
4982
4981
98007
5004
5003
5002
5049
5112
5111
5110
98000
84357
85159
69657
69658
77320
93271
77314
86427
72982
72983
89259
50403
50402
5195
73209
73210
86445
89214
47287
47286
78206
85931
13254
47279
47280
31447
47281
47282
42959
42958
42957
11407
85766
8535
88950
88949
42815
42555
42554
42553
78238
88929
88928
84297
43161
43162
43163
42785
43174
43173
43172
38281
85812
88888
43211
43210
43233
88859
30107
88860
88861
52211
97851
51789
52210
52241
52240
82147
52246
82140
41764
41763
86905
99800
18358
17443
17442
95951
84273
68095
68094
95952
100070
17459
17534
17533
78820
78815
42313
42314
42315
52721
52722
87146
87145
87142
86235
87140
55076
87153
82198
82197
82203
100454
17120
100464
17121
17122
100535
17573
84480
16977
16976
16975
16974
16973
17574
17575
17576
17601
100567
17602
17603
17604
96674
96675
100643
78835
17606
100667
96936
96937
17608
16786
97059
97058
17657
17658
100856
97109
78850
78848
41895
41894
52769
87213
87214
52939
82321
87243
82327
87030
76276
76275
82362
82359
82396
86536
32183
83463
63879
63880
83453
53288
36689
53301
53332
20752
53331
20595
53330
82459
86414
72956
72957
86009
72952
72953
86406
50682
89284
89283
82573
54125
54124
82566
94677
94678
78892
96544
84468
96412
17160
86908
96531
84143
96521
5266
5265
5264
5263
5270
5245
5236
100273
77384
99026
94720
17876
17875
17874
17873
99215
17872
17964
17963
17962
17961
95154
78921
78918
76226
17509
17510
99689
17511
95591
84504
99684
18250
95617
78938
18205
78931
84501
95859
99994
18289
18264
18265
99934
99933
78947
78946
7186
98044
5617
5194
5193
93770
77394
82830
77436
5655
5656
5657
5728
5705
5726
94249
77421
94302
77415
32353
54209
54221
3116
55238
87967
82938
82975
95222
95221
99440
99439
95309
92436
53407
92437
92438
77222
42320
86123
77476
95815
99887
99891
99892
31687
83060
79490
88394
83059
19623
19624
19625
19626
97199
100993
97200
97244
101032
97270
97271
101060
77557
6600
100000
99999
77488
76728
76726
84710
83634
67374
67375
79095
79090
56772
9402
56771
23103
83142
87609
58343
56296
83220
79107
79102
84653
21461
21477
21491
21498
100510
96657
79159
100095
100094
76744
76741
84662
21652
21653
21669
21725
21726
21767
21766
21764
21723
21724
97047
97046
100765
79178
79175
7107
6575
95733
77571
77565
90441
72058
72059
86095
83305
100258
79223
63280
63279
63278
63277
63276
63275
63274
50045
63273
63272
63271
63270
63269
63268
63267
63266
63297
63265
63204
63228
63222
63220
63194
41123
63209
41696
62730
62740
62741
62723
91111
83401
17656
96900
96899
17660
96773
96772
17662
17663
17664
17665
17666
17667
23632
23633
23621
23622
23623
23624
23625
23626
23627
96796
79253
79248
96797
23667
23668
23669
23699
23674
23677
84746
96705
19014
19013
100460
67712
67713
84083
19012
96228
79265
79263
86549
91471
64084
64083
83532
83527
21651
97174
97173
21530
21536
21527
21523
21505
21504
21065
21064
23962
100772
83865
67584
67585
79290
23978
79285
60931
83572
83571
18496
62282
62281
62280
62279
62278
89472
83582
64882
83579
92587
84828
92586
25382
92467
79301
79298
47732
67221
67222
67223
67224
67225
67226
67227
67277
67370
48300
67372
67390
90410
90409
65858
65857
65856
86605
90370
65842
83623
83617
67355
66291
66279
66263
66262
66261
66260
90919
83629
83646
83644
95213
530
529
95488
76759
95548
76752
18911
18910
18909
18908
95711
95712
95839
99909
95840
95841
18941
79322
24750
79316
86652
90407
67961
67962
67963
67964
67965
67151
3794
67150
29380
86654
67795
90154
86206
72258
72499
83687
67883
83683
67261
68245
90435
86961
68188
68187
90261
83699
62863
83693
69293
69292
69300
69299
89019
89020
89021
24814
24815
24816
24817
84382
68168
68167
99758
24828
24829
99862
99863
24830
24820
100066
96092
79337
24841
79330
88757
88758
30225
83766
84220
67908
67907
79352
79348
84664
96839
22339
22340
22337
100602
79365
79359
86699
88611
70792
70791
70790
70857
70856
70855
70863
70895
70894
70243
88595
88594
70245
70246
70247
70248
70249
26088
83803
6055
83807
70250
78026
18602
88535
83821
88479
73816
73815
86626
76786
56628
12643
88525
88526
56626
56625
88553
15908
83185
7362
7363
94277
77608
86984
88948
35021
76404
76403
76402
76401
41808
76419
76418
76417
76416
76415
76414
76413
76412
76411
76410
76409
76408
76407
76406
75028
89066
89067
75018
75001
75000
74999
89099
89100
74947
74614
13294
74615
74682
83914
83960
99129
642
76797
1213
1212
76784
99219
99220
49133
49132
90595
81864
30846
30816
30817
30818
30819
30820
30821
30822
30823
30806
30807
80214
80228
31196
31195
31194
31171
31170
31169
31146
31135
80240
80259
80257
94188
94187
94102
80265
6658
6657
6736
6735
6776
6777
6826
77525
100376
6850
6851
6852
96420
96421
96424
96425
96426
85020
69419
69418
93637
15525
15524
98391
15523
98413
15522
15521
98482
94023
98495
78575
98494
78568
98516
4475
98646
4476
98823
4477
4782
4806
4807
4808
4809
4810
4811
6229
6228
6227
99183
6296
6295
6866
77540
6885
77531
90910
90888
63831
71886
71887
86003
90887
32180
86008
71885
71884
80324
90791
32169
80321
87394
87393
2645
22811
86966
76173
76174
87357
53410
78269
53409
87311
87310
87277
86985
76187
76188
76189
76190
86991
87276
87278
87013
76241
76240
87009
76239
76238
87279
54502
87319
82690
81941
50007
44857
89844
89843
77269
89825
46738
2172
100054
2195
2196
2197
2193
2194
2178
2179
2180
2181
2182
2183
2184
2185
2186
96235
96236
76891
78631
78625
80380
80375
49549
49759
81443
81892
62648
81885
60292
81221
78675
92800
97679
78660
85949
48106
81807
90755
63877
48556
16543
16575
16583
93073
93072
16582
16577
97720
16547
16548
92921
92920
16549
92908
92909
78711
85327
70088
70087
97610
16639
16638
16637
97567
97566
78710
85185
75731
85157
92407
29388
29387
42002
29386
80480
80476
94145
94144
94138
7476
7493
77631
85186
85506
70607
70608
33281
82778
80517
80513
80527
7238
7239
7240
7241
7242
7243
7244
7346
77647
77645
76953
76950
100497
100498
96653
96654
16864
17441
100637
17270
17269
17268
17267
17266
78759
17455
99981
96039
78795
17486
17485
17484
78788
93077
93076
80619
97839
93158
80611
7956
99489
7957
7796
7795
95557
77674
7788
7789
77670
87320
54551
54550
54563
54536
54513
87395
82744
96262
96263
78826
59995
59996
59997
59998
59999
60000
60001
60002
60003
40404
46473
60004
60005
60006
60007
59865
59872
59922
59921
57158
57157
57156
59930
59929
89839
51645
89838
89837
59982
76150
82923
29114
89608
55981
55980
55979
55978
55977
55976
55975
55974
55973
24607
55972
55971
55970
55969
55968
78688
79808
78684
16552
82914
72651
72652
86256
90042
31263
89898
89897
77206
31265
31266
31267
31268
31269
31270
31271
31272
31273
89378
89377
16506
31275
34456
34595
89254
89253
34593
34592
34591
34590
80435
34589
34588
34587
34565
34552
34553
89225
89226
89241
80695
80694
73604
18589
73605
73606
73613
39230
73612
88588
88589
73647
73646
73693
73692
76469
76470
41843
76471
76472
38750
76427
76426
28601
76425
34626
88629
80703
82725
80729
34762
34763
34764
34765
88974
88973
7659
34767
34768
34769
35025
35041
80725
28982
28981
35297
35298
35325
35306
35309
35308
35319
31577
35320
35321
80734
80749
16720
16723
16715
17804
98919
17805
17848
98933
78867
78860
77699
99383
7993
7994
7995
7996
7997
7998
7999
99328
8000
8001
8002
77720
94650
98977
94649
8012
8011
8010
98984
8009
94685
84706
68927
68926
99004
8007
8006
99035
5981
8086
8083
98970
8084
8085
77733
33797
89945
81964
44617
89976
81947
85451
94623
39140
39139
39138
39137
39136
39135
39134
39133
39132
34005
34004
34003
94879
94880
34001
34000
33999
33998
33997
33996
33839
33995
33994
99265
33993
33992
33991
33990
33989
33988
37849
37850
37851
37852
37853
37854
37855
37856
37857
37858
37859
37860
37861
37862
94951
80811
99214
80805
99334
33987
33986
33985
33984
99235
68734
68735
84620
33983
33982
33981
33980
33979
33978
33977
33976
99005
33975
33974
98988
80826
94639
33882
38474
38473
38472
38471
38470
38469
38468
38467
38466
38465
38464
38463
38462
38461
38460
94567
94566
94565
38458
38457
38456
38455
38454
38453
80814
85218
33865
33866
33867
33868
38045
38044
38043
38042
38041
38061
38060
38059
38058
95001
80840
94996
80834
33869
94899
94898
94836
80850
99164
38557
80842
33951
33952
33953
33954
98997
85228
94653
33937
33936
33935
33934
33933
38940
38941
38942
38943
38944
38945
38946
38787
38788
38789
38790
38791
94538
80869
98849
94535
38906
38905
38904
38903
38902
94527
94528
98861
98712
9690
9691
8455
8456
8457
8381
8370
8371
8382
8321
8256
77763
56220
31678
28654
88421
88422
73822
73821
86633
88442
26163
33955
33956
39020
39019
39018
39017
39016
39015
39014
39013
39012
39011
39010
39009
39008
39007
39006
80906
94754
80901
93974
10340
8461
8460
98471
94001
94002
8415
77782
87881
82505
78973
78972
91546
81000
91607
40456
40457
92022
85576
70849
70848
80956
18748
18683
18684
94936
94937
18686
18687
18688
18747
18722
18723
18724
78989
78986
91547
39866
39950
54934
80980
84184
100254
8712
8711
8710
8709
8708
8707
8706
8697
100387
77815
77813
85627
40583
40584
40585
40586
40587
40588
40589
40590
90535
81023
40690
81014
88066
88067
88068
88148
15623
82654
30705
7053
82648
81833
90956
81051
33665
41581
27544
41580
41579
41562
41561
36609
36610
36611
36612
36613
36614
36615
36616
36617
36618
36619
36620
36621
36622
36623
36624
36625
36626
41506
41505
41504
41503
41502
81065
41559
41558
41557
41556
41555
41554
81088
89404
41525
81082
77841
95933
95934
95393
95394
95395
99771
79033
79031
19974
41881
41907
41906
81156
80990
56649
76246
76247
87027
87249
41926
81183
8408
8407
8406
8405
8404
8403
94728
77853
94723
9144
77847
88230
44044
44063
44139
44119
44120
44096
44048
44047
88272
81258
77890
9329
9328
9327
9326
77861
80633
92343
33277
53938
80507
80501
81298
88138
88136
81292
8890
86227
31646
53941
87756
87755
53940
87727
21396
87726
87715
87714
37202
77517
82535
82527
20124
20123
20122
20121
96849
67629
67628
83983
100691
96850
96889
67623
67622
83974
79116
84030
67664
67663
100625
20918
20919
20920
20921
20922
20923
20924
97044
97045
20926
79140
79135
44773
44806
44805
44804
44814
44835
44834
44832
41901
44831
44830
44829
58276
81354
81350
45204
45176
44667
44668
44669
44670
45124
45123
45006
45013
45014
44991
44995
44994
45383
91474
81363
47739
48703
48702
48701
48700
48705
46533
83426
46532
46531
90921
90922
91092
91093
45615
81857
81372
44608
44609
43011
44610
44611
44612
44613
45651
44185
81394
91908
45676
81388
81409
81404
91328
72127
46034
41573
46035
46036
45265
45264
46037
91194
81416
47716
47715
81675
50579
91160
91161
46412
85946
55891
46408
46203
91191
91192
46201
46200
46199
46198
46197
46196
46195
46194
46213
91445
91446
46211
46210
35990
71151
71166
85774
91481
91480
91479
71231
71232
85793
50753
71239
71240
85807
71241
71242
85810
81509
36367
81449
46209
91633
71146
71145
85761
91634
71142
71141
85755
81251
81243
81248
81249
91775
71100
71096
85718
71093
71089
85712
34634
46254
73599
85664
70992
70991
53811
35453
46255
75198
91833
82681
44338
54323
53199
70984
70983
85648
70950
70949
85644
70942
70941
85628
81274
46242
85612
70938
70937
85609
70936
70921
85600
70916
70915
54387
54378
82420
46243
70851
70850
85580
81328
46244
70747
70746
85552
55110
70737
70697
85535
85534
70694
70658
85532
70657
70656
53932
55108
70655
70654
85521
42191
45430
92321
85911
42024
46260
46259
46233
46232
41891
92528
92529
75800
46499
46498
86828
92568
81567
85914
52938
45437
45438
45439
81590
82445
46526
46525
81585
81604
81599
100256
84154
67813
67814
67815
67816
84164
100255
21452
21390
79142
1888
55
54
53
52
51
50
49
48
1946
1945
97859
1944
1940
97742
1929
1923
3672
3673
3682
3683
97623
3684
92840
77079
45727
46943
46944
45698
45697
81634
81629
3908
31318
3907
3837
28051
3762
3761
91401
77100
77096
81121
46407
46406
64896
46275
46274
46405
46404
91273
81441
81442
81433
68513
31357
22338
96712
79192
79187
48204
48205
48206
48207
48208
48209
48210
48211
48212
48213
46878
46877
47950
90663
81731
81729
7207
7208
7209
7210
7211
7212
7213
10354
10353
77949
84715
67602
67603
83961
79212
96871
22812
22813
22814
22815
79207
85642
90275
33544
90118
80571
80566
81712
81781
90670
90642
17668
100522
79238
79234
49970
49969
81473
81467
49120
81471
26640
49119
90030
90029
81846
62146
49568
49569
49570
49571
49572
49496
49497
49498
48290
48322
48323
48324
48359
48360
48383
48378
49708
49709
47116
47050
47115
27634
81883
81877
77981
97062
10811
10810
77974
47722
81677
86052
90041
90115
81979
50070
81972
85995
46475
33154
49108
49107
49106
49105
81983
21681
21682
100668
21673
21674
21675
21676
84038
67660
67659
84808
23852
23833
23832
100427
79278
79276
78002
89722
89723
50492
82044
82036
3674
3658
3645
97486
3644
3643
3653
3652
3651
3657
92634
84106
97407
4053
4052
4051
4050
4049
75784
77203
77200
63747
63748
63519
90304
90303
90302
31579
47278
86037
89157
50829
50828
50841
50840
82084
82080
29320
81925
50014
76143
72866
72870
86346
79740
89703
49952
49907
79671
49900
49901
50367
50368
50369
78961
82098
82096
53117
53116
53115
53114
53113
53139
53138
53137
77836
87964
82433
53161
82422
7123
11146
73781
73782
86580
86590
73787
73798
56624
56623
13661
86609
73809
73810
83127
51915
51917
51930
51933
51932
53300
82138
82136
81197
82164
82159
98688
94181
9815
9814
9813
9812
9811
9810
9809
9808
9807
9806
9805
9804
9803
94286
94285
98665
94258
11509
11443
11442
11441
98598
11440
11439
11438
11437
11436
11435
11434
98599
78079
46234
46235
46236
46110
46109
92584
92585
46237
46270
46271
52660
52661
82181
84803
69096
69095
98704
9802
9801
9800
9799
9798
9797
9796
9795
9794
9793
9792
11663
98755
11664
11665
11666
11667
11668
11669
11670
11671
11672
11673
11674
12112
12184
12185
12186
94522
78098
78114
78113
81296
88124
44423
44452
76755
82219
84848
85882
71420
71419
84886
41449
25807
25856
81131
79417
25870
79413
82284
82289
52853
52885
52884
52887
87960
76734
82303
82297
24476
26046
26047
26048
94485
79429
98872
79423
98820
94484
26045
94429
94430
94461
79440
26013
79434
82315
24979
52975
52976
53000
53001
53002
82345
24477
99161
24478
94726
79451
94749
26087
79448
84523
99250
18634
18633
18632
18631
99317
18630
25986
94923
99199
79462
79459
53150
82403
87186
87233
82456
76245
76244
87019
82446
82442
18766
18765
99251
99252
18764
18763
79475
79473
79494
79487
53191
53190
53189
53188
53187
53186
18198
53202
53201
53200
88201
74077
74076
86728
82476
82494
82491
23120
53934
53935
38220
53960
53961
82542
50188
50219
50254
50280
89902
86172
50316
50293
50292
54059
82551
4790
4789
99083
4788
4787
94756
77303
77300
84324
67702
67703
84084
78135
78133
56014
33622
72896
72903
86367
82930
89667
56011
56010
56009
56008
56007
55882
55927
82896
88111
88158
88159
74081
74080
86733
84524
54333
54334
54335
7055
54336
54337
54338
54339
54340
54341
88204
88203
88097
82607
86179
54342
88217
82633
82667
82669
88041
77510
53879
82658
54440
92456
85457
70513
70512
92457
29385
29305
92064
85570
70844
70845
92063
29306
29307
29308
72777
80455
82759
87387
54560
54561
76943
54562
54522
54523
54524
54525
87308
87309
82701
79557
79553
99549
99550
100046
76771
96001
76766
87472
86941
75284
75283
87473
87479
87478
87480
75282
75281
86937
87481
87453
82781
82800
87449
82791
82810
82808
27086
95693
84358
68147
68146
79591
99865
79585
98238
98232
93690
93604
93603
77400
93793
5458
5457
5137
5189
98194
98193
98192
77352
59981
59980
59979
16622
55890
55938
27406
55937
79765
55936
78681
55935
30143
52518
86398
72948
72949
82866
18476
82861
55881
64094
55816
89420
82878
16534
55754
82872
55845
82124
82117
78672
16070
82886
84904
84905
85374
70327
70326
84767
85351
70163
70162
97555
92865
70094
70093
85332
97589
79627
79622
82954
87639
56368
56367
82949
84765
69958
69959
85285
79643
97702
93001
97705
92993
92994
92995
54526
54527
54528
54529
56495
56496
56493
56494
82989
27461
27460
27459
97621
27458
97670
27457
27538
93078
93079
27796
27795
27794
27793
27792
69609
69608
85154
79657
85143
69551
69550
93190
97926
79649
84234
69344
69326
84923
93852
78213
93892
13255
98430
93899
9791
98756
78247
98725
9772
9773
9774
9775
9776
13724
13725
13647
98848
13646
98814
13645
13644
13643
13529
13528
13527
78224
79493
83049
83045
28732
28731
90185
86200
72239
72255
90184
90099
79690
80996
27955
27956
79692
78245
100916
11913
11914
11915
11916
11917
97079
97078
11919
11920
14311
100854
14312
14313
14314
14315
14316
14317
14318
14319
14320
14321
96935
83919
67592
67593
83958
67606
67607
78270
96940
14301
100752
14302
14303
97004
97005
78259
83119
83114
28774
28773
89576
89577
28771
28770
28769
24103
28868
79731
79751
97522
79745
83200
88820
88823
83197
31393
83210
100798
100797
14404
14326
100690
67620
67621
83981
14378
14329
78274
83805
88568
70222
70221
70184
70183
70182
70181
70180
70179
70178
70177
70176
70175
70174
70173
70166
70167
70168
69688
69689
69690
69691
69692
69693
88576
88577
58682
58698
58697
58696
58695
58694
58693
58692
58691
58690
58642
88578
86565
73742
73741
83236
83232
79775
79769
100484
6682
6681
6680
6679
6678
100384
77374
77372
79795
31227
31228
16462
31229
31230
31364
89430
80660
80654
92980
93193
93194
97908
93226
79821
86422
89845
59988
59987
60012
59378
59377
59376
59375
83294
78310
93309
78302
97940
59887
59200
83324
90553
83318
86433
47719
60256
90708
83338
83332
27293
27292
27291
27290
27289
27288
27263
27262
27261
28180
75507
28181
28182
27192
53027
28183
27197
91774
91773
28185
91594
79844
90486
86415
90490
83355
86532
62158
90561
83393
83389
79848
29558
79856
63173
63172
63171
63170
90043
83418
83415
25063
57484
57483
89376
89375
63592
63618
63617
63612
63641
63640
63639
63668
63667
33663
83441
90574
83490
90626
83484
29807
29806
29776
29775
32208
29772
29771
29759
29760
29707
29706
29665
29664
29663
62521
85146
49931
29578
29577
50493
29576
79868
83513
101055
83506
29678
63705
29677
63678
29676
91221
91222
91229
79890
79887
96518
100441
14564
14565
14566
14567
100444
14568
100501
78328
100571
100573
78318
78341
96362
78332
84320
67707
67706
84074
78350
78348
217
190
191
192
193
194
195
196
197
100209
198
199
200
1718
1717
1716
1715
14824
100317
78362
62287
10077
62288
64687
62296
62297
62298
78611
62299
62300
62301
62302
70630
70659
77364
65261
65260
83587
87611
87532
82515
79966
30202
79959
82623
98048
5045
5130
5129
77407
30244
98698
94329
80008
98750
80002
67027
67026
67025
67024
67062
67061
67060
67059
83667
92248
83663
55145
55144
55143
55142
55141
87863
83162
55128
6703
8896
86855
74451
74452
83158
77828
78417
93592
78408
76824
100242
1660
1659
1658
1657
1656
76815
74613
78207
74612
74611
74435
74434
68591
68590
68589
68588
68587
68586
68585
68584
68583
68582
68581
89172
86671
77942
68605
68606
68465
68464
68473
68477
68476
83708
83705
89359
89360
68520
89444
89445
68519
68518
89524
89523
68516
68515
68514
89515
83721
83717
89609
89610
67755
76148
67754
89755
89756
67752
89835
83732
24020
83725
99375
30082
30083
30084
95134
95133
30086
94994
84617
68728
68729
80061
80054
16323
16324
16325
94015
94016
16327
98424
98423
78439
78436
15607
95658
78454
15679
15678
15677
78447
98744
98745
5281
5282
5413
5414
5415
5416
5417
98788
5418
98772
5419
77440
5980
5979
5978
5977
94704
68924
68925
84696
84135
5986
5987
5988
5989
5990
5991
5992
6151
6167
6168
6131
6130
6129
6128
6127
77454
68738
68739
84633
78483
78484
84648
68760
68761
94816
99119
78493
99106
78486
92330
83846
83848
89423
71987
5042
83840
16413
83835
82388
82389
82382
74436
31524
74437
80294
74438
74439
74440
15540
74441
74442
74499
10317
74500
74501
74502
74503
74504
74505
74506
74200
74199
74190
74176
74175
80301
74174
72859
79943
72858
72833
72801
72800
72799
72798
72765
72764
72781
72780
31395
71789
4444
71790
72696
72720
72718
72719
5319
83864
3836
3929
77116
69541
81242
72860
83887
74532
74533
74534
74537
74557
78520
74558
89082
83906
83904
22916
84694
95784
22927
22928
22929
22930
22931
22932
22933
22934
22935
22936
22937
22938
30742
30710
30709
30708
99913
80176
80174
54512
87323
82716
30808
30809
97532
30789
97587
97606
80200
