5154929
84838
84840
98535
96458
96394
98458
96393
2589
2587
1419
1420
1421
1422
98430
87209
88968
88970
88977
88979
96314
1453
1452
1451
1450
1449
1448
1447
96274
96273
1445
1444
1443
1442
1700
98361
87478
14322
14321
14320
96266
96265
14318
14317
14316
98302
87463
14223
98265
14222
14221
14220
14219
98264
96148
89048
89046
89029
89026
98320
98323
12066
12065
12082
12081
12083
12079
14063
12191
12190
12189
12188
11613
11612
11682
11681
11680
11704
11708
11722
11721
11719
87467
98367
72244
72243
72242
72241
72240
72239
72238
72237
72236
72235
72234
72233
98263
72232
8745
96104
85101
85099
96103
9273
96078
96077
9212
9309
9306
9308
98190
9278
98184
9426
98161
9425
9424
9423
9422
9421
9420
9419
9418
9417
98105
87375
9355
9356
9357
9358
9359
9360
9361
98042
9362
12214
12215
12216
12217
12218
12219
12212
12213
97895
10950
10949
10948
10947
10946
10945
10944
10943
10942
10941
10940
10939
10938
10937
10936
10935
10934
10933
10932
12285
11018
11017
11016
11015
11014
11013
11012
11011
97746
11010
11009
11008
11007
11006
11024
97725
89342
89344
85160
12306
12307
12308
95370
95369
97641
85235
85233
12342
95382
95381
11001
97656
10993
10914
97645
10849
10830
10726
10727
10728
10729
95340
95339
95338
10731
10732
10733
9733
8420
8421
8422
8423
8424
8425
8426
8427
8428
8429
8430
8431
8432
8433
8434
8435
8436
8437
8438
7761
97622
7615
7760
97614
7759
7758
7757
7756
7755
7754
7905
97607
7898
7899
7900
7901
7902
7940
7939
7938
7937
97545
7520
7521
97529
7522
7523
7524
97466
7421
7449
7456
7455
7454
7453
7452
7451
7457
7464
7463
7462
7461
7460
7459
7458
97300
5814
5813
5812
94948
94947
5810
5809
97280
5808
5807
97273
5806
5727
5669
5575
5576
5577
5578
5554
97240
5320
5829
5397
5406
5416
5442
5455
5471
94863
94862
5522
5523
5534
4259
97200
4214
94847
94848
4215
4216
4217
4260
4355
4356
4357
4358
4359
97168
4360
4414
4435
4445
94777
94776
5116
4472
4473
4474
4475
4476
4477
4478
4479
4480
4481
4482
4483
5157
97121
14983
14994
14992
97086
15034
15046
15047
15019
15020
15096
15097
15079
15128
15129
97038
15161
14723
97033
14724
97007
16145
15974
15975
16144
94593
94592
96979
15997
16015
16016
16017
15686
15651
96945
15617
15618
94522
94521
16083
94505
85365
85361
94504
96907
16148
72345
72346
96891
89630
89631
72347
72348
72349
94455
94454
72351
96836
89649
89651
72356
72357
94417
89681
89683
94416
72378
72376
72377
24498
24499
24500
24501
23291
96775
23286
23285
24502
24503
24504
24505
24506
24507
24609
24608
96748
94319
94318
24570
94291
85582
85575
89675
72406
23880
96909
18505
17930
17936
17935
17934
17933
17932
17927
17926
17925
94613
94614
17923
17922
17921
17902
94657
87794
97071
23721
23722
23723
23688
97082
97083
23689
23690
23691
23692
18096
18095
18094
97504
18093
18092
18091
95293
95294
18089
18088
18087
18086
18085
18084
18083
18082
87617
18058
18057
18056
18055
18054
18053
95387
95388
18201
95493
85621
95561
97777
95583
12280
12290
12291
12292
12339
12340
12346
12345
12344
97604
12343
11936
11899
11898
95254
95255
11847
11846
11845
11844
11843
11842
11841
11840
11839
11838
11837
11765
11329
11328
11327
11326
11325
11324
11323
11322
11321
11320
11319
97416
11318
9601
85274
97401
95084
95083
13165
13157
13156
13135
13136
97296
13137
13138
13139
13140
12829
94918
94919
12948
12947
12951
94844
94843
12815
94803
94802
97154
10121
97065
94668
94667
12665
12664
12663
12662
12661
12660
12659
12658
12657
72308
72309
72310
72311
72312
72313
72314
72315
72316
72317
72318
72319
72320
50894
50835
50792
50793
50544
50725
50724
50723
50722
50721
50720
50719
50718
96862
88755
50596
50595
50594
50593
50592
50591
50588
50587
50586
94399
94398
50584
50583
50582
44994
44995
44996
44997
44805
96747
44806
44807
44833
44834
96725
44835
44830
44831
44832
44761
44756
44694
81507
44695
44696
44697
76664
45185
45186
45187
45211
45212
45213
45214
45176
45177
45178
45192
71995
45193
45202
45209
45210
93911
93910
45201
45196
45280
45279
45278
45277
45276
45275
45274
45273
45272
45271
73827
88609
45248
45249
45250
45251
45252
45253
45946
45947
45948
45949
45950
45951
45934
45935
45936
45937
93587
93586
45939
45940
45941
45942
45943
46037
46036
46035
46034
46033
46032
46031
46030
46029
46028
46027
46026
77327
46025
46024
46023
46022
46021
46020
46019
46018
46017
46016
48802
45674
45675
45676
45677
93236
90027
90029
88618
45713
45712
45711
45710
45709
45708
45707
48692
48691
48693
88670
90067
90065
86340
86337
45983
45984
46077
46075
46076
46062
46063
93688
93687
46065
46078
46100
46104
46132
46131
46130
46129
46128
46127
46126
93623
93622
46124
46123
46122
51347
46121
46120
46119
46118
46117
46889
93536
88705
93516
46865
46866
46867
46868
93550
93549
46870
47158
47159
47160
47252
47251
47250
47249
93503
93502
47247
72671
47246
47245
47244
47243
47242
47241
47240
47239
47238
47237
47236
93463
88656
47222
47223
47224
47225
47226
47227
44471
44472
44473
72668
44474
54316
86466
44475
93632
93633
86780
79454
86775
89907
89905
93634
44477
93717
53367
93718
93738
93739
93761
89896
86788
86784
86785
93752
86800
24497
23253
23258
40371
72366
72367
72381
65134
65135
65136
72380
89725
76596
72433
72434
72435
72436
94225
81599
87083
94223
94172
87078
88658
46908
46907
46975
46974
46973
87136
93710
93711
93712
45305
45306
45307
45308
45309
45310
45311
93945
93946
45389
57340
44300
86249
86247
87539
15106
15105
97050
15104
94674
94675
15159
15160
85311
85307
48750
48108
48109
48110
88672
41593
86367
86365
1418
98443
88952
88958
96372
96369
96368
1415
98441
87206
1404
2339
2338
2337
3226
3227
3228
3229
3230
3233
3211
3210
3209
3208
3207
3206
3205
3204
3203
3202
3201
96108
89060
89061
87267
96143
3053
3054
3055
3056
3057
3058
3059
3060
3061
3062
84883
24607
24606
24605
24604
24603
24602
24601
24600
24599
24598
24597
24596
24595
24594
96781
24593
24592
24591
24590
24557
24479
24480
24481
24589
24588
24587
24586
24585
23804
23803
96838
89673
89676
89677
89680
87892
96828
94418
23801
23800
23799
23798
23797
26359
26385
26384
26354
28035
28034
28086
28085
28040
28029
96814
96813
28049
28104
28103
28102
28056
27997
28021
28020
28045
28044
27989
27988
27996
27995
27994
27993
96793
28116
28115
28114
28113
28142
28141
28140
87982
96893
29607
29608
29609
29610
29611
29612
29674
29675
29715
96956
29764
29763
94575
94576
29761
29760
29759
29758
29757
29756
29755
29754
94583
94584
29752
29751
29750
29749
29748
29747
29746
29745
29744
94594
94595
94596
29742
29741
97059
88044
89571
89569
85883
85879
86781
93700
89721
89709
89711
72388
72387
72386
83630
72385
72384
72383
72382
25779
89735
89734
81308
25780
25781
25782
76222
24932
24931
24925
24924
24923
24922
24930
24877
24913
24912
24911
24910
24909
24908
24907
24906
24905
24904
24870
24869
24868
24843
24842
76427
24841
24840
24815
24807
24806
24805
24804
24803
24802
24801
24800
25783
75144
25784
25785
25786
25787
25788
25789
25790
25791
25792
25793
25794
86141
25795
25796
25797
25798
25799
25800
25801
25802
26584
87881
26591
93804
93803
28499
28560
28561
28574
28575
28576
28577
28603
28600
28615
28641
28657
28656
28655
28654
28834
28852
79994
28882
28883
28884
55037
30855
30856
79450
30857
30860
30861
30846
51102
30843
30847
30737
51402
30848
30849
30850
30854
30853
87135
30842
30771
32110
32158
78188
32159
32160
32186
32195
32196
87113
32197
32198
93461
93460
32231
32232
32233
32275
32276
93406
93405
32311
39384
39400
39412
39413
34392
39414
93301
93300
33262
30034
39474
39475
39476
39477
39478
39479
39480
93214
93213
39482
33180
93183
93182
39571
34879
40256
40213
40216
33134
40163
40162
40146
93007
93006
40142
40210
40209
93068
48920
86114
86113
65128
65129
65130
65131
76638
65132
65133
65095
75969
76665
65096
80901
65097
65098
65099
65100
65101
83535
63921
63922
62815
62816
62817
62321
62320
62319
62318
62317
62316
62315
81959
62314
62313
62312
62311
62280
94116
84064
94117
62310
62309
62308
94190
89719
89717
86890
83413
86888
94224
94185
87075
72423
72419
94148
94147
87069
45304
93886
93887
45302
50918
45301
75568
93913
86241
95494
18199
18198
18197
18196
18195
97909
18194
95726
95725
97918
18192
97903
18191
18190
18189
18275
18282
18283
18238
18284
18303
85478
18327
18326
18325
18324
18323
18358
18357
18356
18355
95954
95955
18353
18352
18351
18350
95986
87810
98158
24010
24011
24012
24013
96012
96013
96083
87815
98259
24098
24097
24096
24095
24131
98316
24130
24129
24128
24127
24126
24125
24124
24123
24122
24121
24120
24119
96292
96293
96358
96359
21582
21545
96456
87823
96471
21079
21078
21077
21012
20956
20940
20939
98591
98599
87768
19156
19157
19158
19159
19160
19161
19162
19163
96570
85492
85490
96107
3264
3275
3296
3298
98191
89101
89103
96020
98084
3362
3361
3360
3359
3358
3357
95913
84810
85590
85588
30772
30773
30774
30761
54811
30762
30635
30569
30551
30552
30553
30554
30555
29883
29884
33256
30532
30533
30534
30535
30568
93244
93243
30125
30121
30102
30103
29969
35019
29963
93161
93160
29858
29859
29860
29861
29862
29957
27903
29958
29946
29947
27702
29901
29902
29903
29904
29905
29906
66140
27953
54041
27954
27931
27932
27933
27934
27935
27927
27727
27728
27729
48746
39706
88002
27806
27775
27781
92832
85673
23693
97446
23694
97491
23695
23696
23697
23698
23699
95367
95368
23701
23702
25065
25066
25067
25057
97578
87909
27491
27531
97595
27532
27533
95296
95295
27524
27525
27518
27519
95261
95260
27528
27529
27530
97494
87967
27546
27537
27536
27535
97525
85736
85734
27540
95248
85737
85738
97580
27601
27600
27599
27598
27625
28961
95379
95380
28963
28964
89371
89368
85770
95483
29286
29285
29284
29283
95546
95527
85760
89331
89327
89326
89324
95547
97812
89293
89295
85765
97794
89301
89302
95591
29254
29279
95648
95649
29338
29345
29344
29343
29342
29411
95901
95902
29409
85794
85790
1423
84857
92855
85675
92854
27765
27764
30062
30063
30064
30065
27912
27911
30066
30067
92785
90127
90129
92784
30069
30070
30071
30072
30073
30074
30075
30076
30077
30078
30079
30080
30081
30082
30083
33505
48015
33504
33668
33675
33653
33632
33631
33630
33365
33364
38751
92595
88156
33384
33385
33386
33387
33388
33389
33390
33391
33392
33296
92451
85958
85956
97698
28965
28966
28967
97730
28968
28969
28970
95459
95458
28972
28973
28974
97611
28975
28976
28977
28978
28979
28980
28981
28982
28983
30139
30149
30157
30158
97653
30159
30160
29474
29473
95398
95399
29471
30161
30410
30354
31044
22209
31059
31058
31080
31131
97916
31132
31133
31134
31135
31136
95845
95846
31137
98034
31138
31139
31140
31141
31142
31143
31144
31145
31146
31147
31148
95956
89146
89145
95957
31149
20751
20750
20749
20811
89099
89097
98194
20788
31150
35729
35728
35769
35768
35767
35751
35773
35774
35775
35776
35777
35845
98131
35846
85965
28653
28652
28651
28650
73520
28717
28718
39942
39943
39944
30885
56492
89874
89876
93731
30883
30882
30881
93607
93606
51097
89938
89939
89959
89961
89969
89970
93508
30878
30877
30876
30875
30874
30873
30872
39503
39502
39501
39500
39499
39498
39497
39496
39495
93531
93532
39493
39492
39491
39490
39489
39488
39487
39486
72721
39485
39092
39091
39090
39100
39099
39098
39097
39135
93309
86090
86088
3196
3178
3221
3222
3223
96090
96089
3075
98125
84876
84874
48690
48689
48688
48687
48686
48685
32952
48684
48683
48682
48681
45697
45696
61739
88619
80269
45689
45690
86837
45691
45692
41546
41545
41544
63976
88502
45938
92622
92621
41402
41141
41140
41139
39354
92599
92598
46970
41748
41749
41750
41371
41694
41727
41726
41731
41730
86792
41729
41728
41700
41699
41664
41655
92447
86263
92446
41974
41954
41969
92397
92396
41972
41971
41965
41964
31867
41975
42247
44920
42246
42245
42244
42243
42361
42362
42363
42364
42365
31861
42366
42337
42338
42339
77301
77302
77294
77295
87076
90134
92236
42791
42790
42789
42788
42787
43209
24353
42786
42785
42784
42783
42782
42781
42780
42779
42778
42777
42776
72358
90284
90286
92061
42774
42773
92017
92016
42771
42770
42769
42768
38098
4834
40829
91971
90313
90316
91970
91969
91968
40832
40833
18633
40834
40835
40836
40837
40838
40839
40840
40841
40842
85329
40843
40844
40845
40846
40847
13106
40848
40849
40850
40851
32582
40852
40853
26033
40651
40600
40606
40605
6902
40576
40652
18200
90520
90521
40653
40503
40504
91425
91424
554
86145
10908
86138
87320
97161
4429
94823
97189
94824
4440
84900
84897
93515
46863
46862
46817
69127
46816
46790
48437
48436
48432
48414
48364
48363
87001
48356
48355
48338
48354
34977
48328
48493
48277
48276
48275
34596
86329
4261
4354
4320
4321
4322
4323
4324
4335
4336
4328
4310
4300
4301
4302
4303
5049
94695
94694
94660
84926
5726
5725
5724
5723
7244
85029
85025
50543
50499
50500
50501
50502
96931
50503
50504
50505
50506
50453
96936
50523
50726
50729
50730
50006
94578
86396
86389
40514
87439
91421
91420
40492
40534
15186
40535
40598
87910
40599
17476
40545
91401
90528
90529
90539
90540
91400
91369
18224
88840
40516
40515
40465
40466
40467
40468
25244
40469
40470
40471
17086
40472
17823
88462
40481
40480
40479
50988
50989
50991
50992
51454
51470
37977
51492
91306
86474
51505
14792
51518
51549
15265
51548
17069
51547
91337
91338
51525
51524
51523
51541
51783
51598
51591
51592
51590
29323
51574
51575
51587
51599
37970
51578
51582
52099
32619
52078
52082
91625
91626
52084
52064
52113
52112
24235
52115
52766
13181
88832
53282
53283
53284
53285
53286
52578
53287
53453
53483
31279
52463
90411
90410
15126
91807
91808
91836
86524
88808
17421
52133
52134
91566
91565
52194
52778
52777
52776
91550
90491
90493
91549
91547
91548
91542
90500
90502
91541
91481
90507
90509
86578
53132
53129
53130
51629
51630
10730
51631
51632
88771
91558
51641
32590
53198
7373
53199
53250
86614
15913
86627
52422
25992
91891
86527
52455
52454
52453
54485
54486
54487
54463
52447
52446
52445
54410
54411
26713
54412
54413
54414
52477
92071
92072
52475
52474
54415
88905
31384
54428
54427
54426
54425
54798
92148
86714
26266
31896
92157
54812
3906
92185
44001
86721
88632
89910
89909
86290
86286
10951
97894
10952
10953
10954
10955
10956
10875
10874
10873
97863
10872
10905
10904
10903
85156
97774
95571
97783
85186
28885
28886
28868
28869
28870
28871
86501
28844
28845
28846
28814
28815
28816
28745
85700
85695
87494
94643
14730
14731
14732
14733
72371
16350
16321
16320
94544
86880
86807
93707
58471
58429
93705
93704
58413
58419
58232
58233
58401
58403
58404
58405
58406
58331
58332
58333
58334
93615
93614
79812
58336
58337
58097
59225
59226
59227
59236
59237
59238
59239
59240
58686
58685
58684
93512
86844
86841
87145
92453
33309
33331
33330
33329
33328
63598
33327
33326
46330
33258
33257
62729
33274
33273
92373
92372
33271
86230
33270
45091
33235
33232
72555
31355
72556
72557
72558
72607
72609
72608
69597
70240
70269
70242
69564
70283
92370
92371
58714
68591
68592
68593
68594
68595
92319
89463
92331
68512
68513
68514
68600
68599
68658
68659
67875
67831
67830
67829
31351
67828
67827
67826
67825
67751
67824
67834
67835
67836
67917
67916
67918
67068
67063
67061
62714
60842
87004
89791
92620
33625
72534
72533
72532
72531
40391
72549
72548
72547
72546
72545
72544
72543
72542
72541
72540
72539
72538
72537
72536
71282
92718
92719
71272
71255
71254
71253
71219
71205
70878
70877
70876
70742
70741
66241
66240
66239
66238
66237
66236
66235
66234
66233
66232
66231
92812
89374
65752
66255
70794
70795
70796
70797
70798
70779
70713
70714
64655
64654
64653
64670
64669
64733
64748
64749
64750
64840
68672
68671
68740
68737
86671
68738
92967
87045
87043
1694
1695
98272
1696
1697
1698
1623
1624
1699
1691
1692
1693
198
98171
197
196
195
194
193
192
191
190
217
84787
18052
18051
95362
95361
18049
18048
97633
97632
18047
18046
18045
18044
18043
97591
18042
17428
17425
85430
85428
98046
98045
98044
84812
98035
98036
2030
84792
29255
29256
97775
29257
95542
95541
29267
97744
85747
88565
17080
40595
85446
40618
42946
11000
42945
42944
42943
42942
15906
42941
91644
91645
42939
42938
42937
42971
42970
42969
42968
42976
42975
42974
42973
43025
90418
90417
86189
98081
95997
95998
29420
29419
29418
29417
87975
22420
22421
22422
22423
95971
85778
7614
7627
7626
7625
7752
7751
95286
95285
8291
8290
8289
8284
8273
8248
8247
8187
97387
85081
95073
8180
8245
8306
8296
8297
8298
8315
8366
8462
8461
94954
85116
97345
8471
95032
89502
89500
97347
85112
86725
30684
68123
32133
93370
85923
85174
85175
10998
85167
88608
45235
44729
44728
44727
44702
44703
93963
93962
44705
44778
44982
40758
88629
44986
93933
93932
56501
86268
46092
46093
86254
95945
89158
89160
88249
35781
36388
36389
36390
36391
36392
95802
85982
85975
88013
89381
89378
88036
95392
30435
30436
30437
95396
95395
30439
31576
31596
31530
31557
31517
31598
31597
95394
95393
31536
95386
95385
31567
31542
31584
31585
31443
31444
31445
31446
97520
86037
86036
95247
89410
89412
95246
37450
95218
95217
37363
37364
37353
37760
97396
86062
95050
95010
86059
11900
11901
11902
11903
11904
11905
10981
10997
10966
10965
85212
39096
39095
39094
38776
38775
38774
38773
38950
38949
38948
38947
93608
93609
38945
39356
39357
51062
86101
38793
41370
41369
41695
41725
41919
92559
92558
41798
41797
41820
92533
47035
92534
92535
97680
95423
95424
12304
12369
97704
12351
97705
12416
97710
12415
95453
95452
12413
12412
95374
85245
87208
98392
1436
1435
96306
96307
2676
2675
2674
98512
85298
98513
14530
14529
96447
85297
95879
95880
778
793
98066
756
98069
95905
95906
693
694
695
546
547
548
478
98033
477
84745
17901
17900
17892
17879
94676
89583
89581
97067
17875
72405
72399
72398
72397
72396
72395
16073
16072
16071
16070
16069
97196
15752
15751
85334
85332
97561
17426
17405
17406
17381
17382
17383
17384
17385
17386
17408
17409
16295
16298
89697
97500
15568
15521
97527
95191
89422
89423
95221
15566
97516
85358
85352
86377
50461
86371
481
451
460
459
458
95710
95709
456
455
454
453
404
403
410
549
530
95639
84769
95666
84762
8460
17308
43023
43039
36885
86402
51012
91702
91703
86409
30245
51031
8181
38292
86415
97528
16299
95311
95312
17077
17078
95417
95418
95464
89349
89348
95465
17081
17082
17799
17800
17801
17802
17803
17804
97932
17805
17017
17018
98029
17019
17020
95999
87575
89120
89119
98203
95975
16705
16691
16682
16675
16571
16572
16580
16581
16560
16479
16485
98286
16473
16474
85373
86484
4446
4447
4448
4449
4450
4451
94690
89564
89566
94689
4453
5083
5084
5085
5086
5087
5088
5089
5090
5091
5092
87490
89608
89609
84912
94554
84906
17083
17084
87578
95683
17070
17091
17596
17595
17594
17593
17566
17561
17560
17450
95473
85443
85440
17090
17089
17088
17741
95689
85460
17696
85453
40828
49967
40827
40826
40825
87137
87131
94867
94866
5322
5371
94781
84952
20938
96525
96524
20890
20896
20887
20883
20865
20864
20424
20423
23199
98477
88928
88929
85543
23215
85538
96084
24015
24016
24017
24018
24019
24020
98177
23967
23955
95973
89136
89138
85556
23974
85549
95965
85569
24002
85564
96163
87574
96100
16733
89691
96156
98289
6620
6619
6618
6617
6616
6615
6614
6613
6612
6611
6610
6608
6609
97946
84970
95808
98001
6607
6606
6508
6553
6552
95946
95947
98109
6529
6530
98097
95922
95921
84977
6551
6550
6549
98048
6548
6547
6546
6545
95828
85000
62279
86901
86897
87044
87049
48730
63368
63319
63320
63432
30045
68683
89274
48739
93051
93052
62961
62960
68076
62860
86911
86910
63440
63439
63438
63437
60480
60479
60478
86659
60477
41063
60476
60475
60474
60473
60472
93002
86921
63021
86918
63428
63429
63430
63386
63385
63384
63383
63382
63391
93288
89284
63655
63656
63697
63696
63695
63694
63693
63740
63741
63742
63743
89291
93390
63799
63800
63801
63802
63803
63804
63805
63806
63807
63808
63809
63810
77757
86928
86942
86940
63811
63941
86930
93388
65676
65677
65681
65773
65772
65771
65770
65769
65768
65767
65766
65765
65764
65763
65762
65683
56837
66962
65664
93356
89992
89993
86954
65724
86950
89354
65189
65738
93360
89759
78666
66351
93403
86966
68267
86960
66766
66767
45372
66768
90207
90204
58502
66769
66770
66540
66539
66771
66751
86269
66793
66794
66789
66797
92518
92519
66828
66829
56141
56140
56139
56138
56137
92605
92606
56135
56129
56134
56133
56192
92651
92652
56190
56189
66711
66710
66718
66717
92675
92676
92677
86995
25142
25141
25140
95439
95440
87912
97724
97734
95524
85635
85633
92330
92315
92314
68510
68509
68508
68507
68506
68505
68504
67947
92280
89436
92281
67948
68208
68209
68210
68211
68202
68201
68200
68165
68144
68145
87016
97678
18059
18060
97693
18061
18062
18063
18064
95510
95598
25235
85643
85016
97297
7289
7290
95052
85013
28984
28985
29018
95152
88011
97421
30153
95193
88035
95213
97502
30179
30178
97426
28991
28990
28989
28994
85703
97357
62389
40824
62301
40823
40822
40821
78772
78765
78755
78803
78387
78388
78389
78384
78364
78358
78341
78313
78314
78315
78290
79205
78304
17878
90190
79087
79086
79085
79084
79083
79082
79081
79080
79123
79122
79121
79120
90196
91757
79118
79117
79116
79115
79114
79113
79112
79111
79730
79731
89702
91666
90460
90458
18004
79995
79996
2762
79298
79299
79300
79301
91825
91826
79278
79272
79271
79270
79279
91990
91991
79281
80412
80413
80414
91985
90254
62290
80041
80042
92008
92009
80450
80426
80427
80428
92081
92082
80430
80431
80432
80433
80434
3661
80435
80436
80437
80438
72989
72990
72991
28248
72992
72993
72994
72995
16130
72996
72997
72998
72999
92005
92004
73001
91949
91948
73003
73004
73005
73006
91806
91805
73008
73009
73010
73011
72856
72857
72858
72859
72860
91616
91615
72861
72862
72863
72864
73821
73822
73836
73837
73838
87104
88482
40800
40799
40798
79435
79436
79437
79472
79473
79474
79464
28932
87160
33229
92305
85945
89686
15332
15333
15263
15262
15261
15260
15259
15258
97935
85325
97938
15315
15314
85317
3314
98213
3313
3356
2397
2396
96035
84823
36848
40464
40490
40489
2204
86123
88278
95229
37735
37734
37733
37732
37731
37730
37729
37728
37727
32665
32664
32663
95351
95352
32661
32660
32659
32658
32657
32656
32501
32655
32654
97677
32653
32652
32651
32650
32649
32648
36452
36453
36454
36455
36456
36457
36458
36459
36460
36461
36462
36463
36464
36465
95372
85996
97657
85990
97715
32647
32646
32645
32644
97662
89384
89386
88114
32527
32528
32529
32530
36648
36647
36646
36645
36644
36664
36663
36662
36661
95389
86008
95384
86002
32611
32612
32613
32614
97558
88121
95250
32597
32596
32595
32594
32593
37545
37546
37547
37548
37549
37550
37551
37392
37393
37394
37395
37396
95180
86027
97460
95177
37511
37510
37509
37508
37507
95171
95172
97472
84852
84849
32615
32616
37616
37615
37614
37613
37612
37611
37610
37609
37608
37607
37606
37605
37604
37603
37602
86052
95308
86047
7402
7418
85037
94693
94664
94663
31299
31300
97001
31301
31302
31303
96944
89620
89621
94508
31305
31306
94433
89645
89646
94432
31308
96800
88053
94384
31383
31382
31381
38529
38452
38451
38450
38530
81609
76546
86081
86075
98300
98301
96229
96230
16438
17014
98393
16843
16842
16841
16840
16839
85387
17016
17015
17028
98047
95935
85423
17059
17058
17057
85416
7541
7540
7539
7538
97298
94942
94941
7536
7535
7534
7533
7532
7545
7548
7566
7565
7564
7563
7562
7561
7560
7559
7558
7557
7556
94785
85052
90551
90553
91368
91367
40510
86149
44299
45387
45388
44270
44269
44268
44267
44266
44265
44225
86204
94168
44253
86199
89862
89861
93762
86218
86213
7936
7935
7934
97551
7933
7932
7931
7930
97583
5918
8010
8007
97541
8008
8009
85059
85077
45254
45255
45256
45257
45258
45643
45644
45645
45646
93619
88621
93597
45750
45892
45891
45890
45752
45753
45889
45888
45775
45774
45773
45772
45783
45589
45588
93721
93722
45586
45535
93725
93726
45533
45543
45542
45563
45562
45561
45495
45544
45528
45527
45526
48008
48007
46694
46699
46676
46675
46640
46639
46638
46606
47797
47796
47795
47871
47870
47869
47868
47867
86548
88728
46520
46521
46522
46523
46524
46525
46526
46527
46528
46529
46299
93604
86279
86277
45525
45459
45524
51362
86308
86302
87623
18209
18210
18211
18212
18213
18173
18166
95577
95578
95579
9277
9220
9166
98210
8827
8831
8799
8728
8659
8658
8657
8656
8655
8654
8653
98208
87361
98193
8638
8637
8636
8635
8634
8633
8632
8623
98241
85093
85091
46015
53519
86358
86360
93209
41213
86361
86353
88597
93959
44775
74078
44981
44980
75259
44849
44848
44979
44978
94018
86234
86235
86226
51609
75925
98499
21550
98445
85503
85499
22208
22207
22206
95723
95724
22205
22204
97995
22203
22202
22201
22200
22199
22198
22197
22354
22353
22352
22358
22357
22356
96127
96128
22010
96190
89019
89017
96191
96192
96250
88991
88988
85518
85513
89248
89247
95690
17743
17744
17745
98055
17746
17747
95950
95951
17835
98163
17155
98225
17154
17153
17152
17151
17150
17149
17148
17147
96125
85533
85527
47866
47865
41015
41016
41017
47848
48058
72970
86317
54998
86310
90167
86433
86429
91741
91769
91770
51040
15138
90412
90415
86436
51069
51101
51100
51103
91791
86450
86444
51323
51324
51325
51326
51327
51328
51329
51356
51355
51367
86454
7581
7580
7579
7271
7258
7257
7256
7255
7254
7164
7163
7162
7585
97088
97070
7586
7587
7588
4935
4934
4933
7589
7590
97061
7123
7155
7154
7153
7152
7151
97111
7150
7149
7148
7147
7146
7145
7144
7143
7142
7141
10165
10164
85129
85139
51354
67
91795
91796
5324
86464
51393
51414
91933
91934
91935
91939
86498
89031
93482
57384
57380
57381
47396
47397
57385
52222
48569
52310
93252
86513
93511
58682
58681
58680
58679
58304
93418
93417
58204
58203
58102
58103
93317
90002
90003
93316
58067
58202
58118
58201
58200
58124
58125
58170
58171
93202
41397
89056
93197
58192
41187
86681
88501
93098
54185
54184
54183
54182
54181
54180
54179
54178
54177
49001
54176
54175
54174
54173
54172
53573
35080
49036
48996
86672
52457
52458
52494
52495
52496
52497
52498
52500
86537
91941
52537
52536
52535
52534
52533
52532
12666
52531
52530
52529
3446
90347
90348
52528
91845
86551
91480
85438
85442
86572
86567
86165
91515
86591
86610
91511
86601
23703
97639
23704
95292
85601
95305
25106
85598
18181
18180
97670
97671
18179
18178
85611
85609
58191
58190
58189
54094
54142
41576
54141
34615
54140
53577
54139
33172
80616
90072
90074
86642
54030
86637
54218
89773
90048
90050
86688
93116
54215
54214
54213
54212
54211
54086
54085
54020
92966
86654
53958
86648
54049
27797
80572
30054
30055
86662
51640
53373
53372
53252
53371
53370
91613
91614
53368
15571
91619
91620
54573
54572
86694
88852
86017
54597
54598
91638
91639
91640
87444
86737
28908
86754
31923
68146
68147
90261
90258
86083
68148
92211
92212
68124
68125
68126
68127
72438
67410
38984
89401
87084
67378
67344
67345
67346
67347
67348
67349
67350
67351
67352
67353
67298
67297
67296
67295
67294
67272
67271
67270
66959
66960
66961
92240
92241
56890
56906
56905
56904
56903
56902
56901
56900
56899
56898
56850
92242
90236
90234
86770
86766
9581
9580
9579
9578
95047
95046
97355
95045
11164
11098
11097
11096
97301
11095
11094
11093
11092
11091
11090
11089
97302
85196
84776
23956
95982
89133
89135
95981
24041
24028
97956
89219
89221
85664
97984
85658
85226
85224
58096
87156
86821
93571
86815
89071
53342
58466
93640
86835
86829
93003
60470
60469
60468
60467
60466
60465
60464
60463
60462
60461
56222
60460
60459
60458
60457
60456
60455
60454
60453
60452
60451
60450
60449
61290
61289
61369
61368
61367
61366
61365
93286
86858
86855
63079
63078
63081
42174
63061
63080
63045
61707
63044
63043
61703
61702
61741
62028
93379
93380
63167
63152
80055
63128
63127
62236
52462
62237
62157
62156
62155
62184
62094
62119
52563
79289
86872
93589
86864
28028
28050
28051
28112
28151
26482
26487
85684
84958
94794
5395
5394
5121
5150
97108
97107
97106
84932
87965
95288
95326
85728
29077
85721
91940
91838
86535
12992
13092
13118
13119
13120
95064
95065
97390
13237
13183
85252
85271
98304
85290
98344
98346
85280
54424
24442
31898
92158
92159
90270
90268
92172
24414
29606
29605
96878
29567
29564
29563
85802
70712
66117
66118
66119
66107
66120
66121
66126
66125
86975
86972
87981
89690
89692
96778
94366
29716
29618
29622
29650
29660
29692
29691
85819
29968
29967
29966
29943
29942
29941
29918
29907
85830
85849
85847
97319
85710
94985
94984
94932
85855
87037
72114
87032
88027
89921
89919
85874
30912
85870
68590
68589
68588
60843
92432
92433
68586
68585
68584
68583
68582
68581
92561
87060
87154
91903
91902
91974
94344
94343
96754
31904
31905
31906
32022
32023
32024
32025
32026
32027
32028
32029
32030
32031
96745
32032
32033
32034
32035
96740
88090
94316
32019
32018
32017
32016
32015
32014
96713
32013
32012
32011
32010
32009
96700
85903
85897
36755
90192
91596
74377
74376
74375
9726
74374
74382
79689
79688
73454
73453
91495
90598
91482
73451
91459
91458
73447
73441
73442
73443
85471
73417
91321
91320
15267
73369
73370
73371
73372
73360
6513
87097
87093
85909
78305
78306
78507
78508
78250
28181
78246
78247
78224
38269
78230
78231
92031
87121
92037
92038
92039
30035
93228
93227
41918
30036
30037
30038
30039
30040
30041
30042
30043
30044
92943
92942
27699
30046
33058
33197
92883
92882
33195
33194
33193
33192
39660
33191
33190
33189
33167
33154
33155
92862
92863
92876
85937
85936
92990
68828
48741
48740
92977
92978
92979
88669
92956
48731
40038
48732
48733
48734
48735
41062
93005
87187
87181
